39.69171100 20.05407500
39.69592300 20.03887900
39.69602200 20.03791500
39.69658700 20.03245900
39.69708300 20.02770800
39.69704400 20.02723100
39.69694900 20.02611500
39.69615900 20.01814800
39.69549900 20.01152000
39.69549200 20.01142700
39.69540000 20.01127100
39.69409200 20.00848400
39.69400361 20.00848289
39.69128747 20.00344318
39.68801961 19.99822879
39.68811893 19.99166380
39.68816106 19.98578261
39.69428193 19.98178453
39.70053406 19.98215535
39.70668025 19.98127443
39.71416327 19.98467228
39.72127648 19.98733800
39.72654800 19.99378445
39.73294542 19.99599326
39.73972101 19.99802752
39.73949361 19.99193868
39.74193321 19.98769940
39.74619159 19.99222384
39.74576080 19.98434449
39.74698378 19.97556031
39.75264094 19.97330259
39.75842517 19.97686839
39.76413267 19.98178058
39.76940769 19.98429608
39.76936768 19.99015044
39.76917521 19.99594816
39.77516841 19.99514014
39.77419506 19.99987785
39.77906714 20.00140829
39.78061417 20.00653683
39.78550563 20.00528775
39.79164998 20.00081044
39.79435119 19.99525293
39.79863680 19.99377320
39.79993196 19.99875465
39.80234806 20.00344881
39.80639483 20.00549483
39.81128357 20.00586283
39.81495589 20.00996079
39.82001875 20.01242695
39.82467812 20.01198429
39.82880667 20.01036678
39.83564180 20.00997505
39.84220578 20.01408083
39.84534125 20.01977114
39.85027366 20.01994468
39.85614090 20.01918955
39.86083179 20.01808887
39.86506271 20.01575693
39.87036028 20.01338512
39.87278175 20.00929070
39.87057686 20.00362313
39.86867498 19.99958305
39.87061903 19.99439038
39.87132475 19.98945046
39.87051731 19.98364131
39.87391536 19.97972562
39.87708213 19.97556842
39.87851702 19.96824353
39.88167409 19.96309444
39.88491772 19.95755395
39.89228164 19.95485199
39.89598439 19.95188553
39.89490288 19.94617422
39.89422811 19.94184151
39.89510046 19.93621813
39.89934667 19.93494325
39.89957060 19.93022195
39.90063865 19.92450941
39.90020834 19.91756889
39.90256061 19.91275874
39.91038813 19.91050283
39.91272756 19.91667307
39.91909085 19.92061927
39.92343445 19.92434235
39.92691721 19.92849677
39.92798553 19.93653521
39.93901018 19.93620887
39.94398572 19.93485172
39.94760808 19.93108923
39.95141135 19.92768786
39.95551485 19.92361038
39.96168324 19.91855843
39.96599491 19.91377390
39.97171021 19.91333103
39.97776471 19.91067898
39.98309493 19.90398699
39.99010195 19.90033466
39.99586228 19.89418788
40.00320843 19.89186771
40.00687245 19.88901711
40.01021850 19.88536233
40.01528168 19.88132160
40.02059676 19.87726603
40.02562126 19.87412079
40.03023701 19.86938021
40.03426684 19.86587363
40.03790148 19.86235373
40.04135483 19.85778397
40.04386107 19.85396179
40.04634431 19.84824645
40.04881989 19.84179278
40.05079253 19.83500877
40.05187283 19.82778825
40.05217500 19.82300700
40.05181113 19.81770863
40.04880174 19.81256252
40.04714354 19.80496724
40.04556650 19.79989550
40.04721268 19.79530923
40.05259688 19.79280747
40.05394424 19.79780800
40.05596988 19.80197061
40.06001278 19.79780733
40.06289353 19.79173374
40.06807805 19.78936086
40.07025486 19.78374019
40.07116775 19.77914285
40.06456389 19.77817540
40.05835450 19.77753439
40.05881321 19.77287364
40.06575744 19.76976091
40.07299953 19.76770021
40.07940780 19.76642587
40.07978103 19.76194753
40.08036433 19.75701394
40.08087597 19.75179247
40.08683681 19.75047419
40.09158927 19.75348225
40.09675906 19.75260878
40.09995028 19.74682689
40.09934064 19.73997494
40.10082791 19.73234973
40.10566940 19.72750212
40.10878450 19.72272436
40.10844417 19.71715555
40.11142717 19.71321742
40.11227827 19.70662700
40.11286929 19.69954171
40.11855039 19.70021372
40.12092691 19.69627464
40.12188360 19.68983588
40.12341838 19.68016081
40.12576203 19.67049587
40.12579538 19.66365738
40.12593527 19.65762318
40.12852785 19.65155430
40.13407977 19.64749521
40.13851779 19.64276654
40.14212501 19.63720894
40.14442929 19.62807446
40.14710164 19.62116796
40.15019844 19.61661987
40.15307725 19.61265430
40.15649876 19.60705252
40.15916067 19.59985675
40.16017429 19.59488700
40.16154339 19.59069594
40.16565065 19.58721150
40.16887393 19.58384873
40.17171819 19.57923119
40.17381862 19.57388064
40.17452149 19.56951550
40.17619586 19.56342626
40.17775316 19.55825556
40.17870450 19.55405688
40.17983882 19.54909749
40.18200744 19.54375920
40.18477449 19.53768611
40.18709696 19.53042017
40.19001390 19.52528541
40.19280203 19.51906371
40.19478226 19.50986973
40.19738636 19.50456619
40.20109977 19.50045210
40.20411381 19.49538611
40.20701627 19.49019078
40.20969309 19.48592513
40.21282160 19.48030617
40.21502113 19.47120172
40.21826681 19.46669297
40.22244155 19.46387334
40.22474807 19.45878942
40.22776340 19.45487513
40.23125693 19.44958631
40.23489825 19.44388199
40.23797512 19.44076252
40.24244827 19.43655469
40.24822580 19.43258158
40.25151764 19.42952255
40.25554486 19.42481768
40.26046956 19.41929360
40.26347188 19.41567980
40.26629543 19.41229071
40.27137993 19.40838423
40.27676126 19.40566710
40.28115320 19.40162516
40.28660261 19.39581227
40.28909855 19.38988762
40.29248962 19.38666397
40.29592562 19.38270241
40.29940203 19.37877941
40.30330872 19.37611412
40.30701533 19.37231055
40.31305914 19.37160114
40.31703646 19.37538524
40.32162953 19.37331581
40.32801353 19.37213099
40.33665080 19.36883345
40.34353729 19.36746246
40.34783354 19.36314810
40.35193531 19.35946695
40.35578156 19.35528660
40.35945060 19.35281407
40.36309099 19.35045230
40.36779524 19.34849418
40.37224949 19.34508652
40.37718974 19.34103740
40.38226029 19.33650392
40.38740794 19.33173047
40.39218427 19.32614821
40.39720726 19.32086468
40.39978458 19.31733113
40.40347163 19.31273814
40.40655840 19.30931986
40.41107021 19.30611846
40.41387542 19.30132937
40.41747712 19.29519668
40.41988720 19.28905869
40.42428858 19.28975027
40.42538234 19.29431461
40.42651643 19.29995240
40.42929662 19.30431906
40.43318017 19.30660009
40.43507576 19.31118324
40.43693542 19.31514498
40.43834572 19.32022057
40.43564470 19.32539933
40.43165561 19.32982349
40.43305651 19.33767089
40.43107924 19.34520362
40.42708140 19.35044214
40.42375977 19.35520775
40.41974441 19.36038833
40.41530876 19.36332779
40.41256496 19.36767360
40.40876064 19.37207775
40.40644469 19.37869969
40.40204648 19.38111455
40.39796234 19.38417488
40.39514429 19.38943277
40.39145783 19.39328292
40.38693091 19.39834454
40.38144891 19.40198445
40.37516052 19.40525787
40.36855994 19.40734885
40.36317200 19.40899282
40.35452302 19.40866304
40.34652987 19.40867767
40.34129199 19.40879463
40.33824011 19.41248344
40.33540297 19.41601622
40.33104477 19.41831047
40.32374121 19.42009749
40.32121722 19.42635250
40.32154465 19.43191457
40.32230044 19.43667936
40.32304558 19.44186812
40.32436507 19.44696672
40.32597828 19.45190585
40.32781442 19.45637020
40.32998857 19.46050517
40.33287388 19.46471432
40.33710306 19.46849927
40.34073040 19.47202483
40.34286614 19.47896156
40.34581062 19.48322153
40.35083507 19.48476615
40.35504659 19.48331340
40.35926707 19.48133345
40.36345601 19.48026395
40.36919446 19.48127365
40.37665749 19.47881561
40.38104902 19.48133550
40.38633920 19.48303645
40.39159957 19.47982589
40.39790828 19.47796644
40.40348244 19.47859764
40.40830954 19.47970531
40.41364449 19.48033765
40.41792405 19.48416746
40.42266148 19.48821013
40.42748833 19.49040277
40.43160024 19.49319173
40.43654184 19.49421535
40.44307181 19.49423276
40.44753706 19.49255767
40.45054335 19.48742703
40.45305303 19.47899626
40.45497409 19.47436749
40.45643592 19.47021818
40.46021230 19.46346999
40.46545383 19.45750516
40.47014552 19.45320776
40.47259432 19.44960762
40.47658980 19.44776835
40.47935677 19.44294123
40.48280525 19.43879294
40.48662541 19.43420171
40.49200267 19.43155196
40.49555085 19.42736530
40.49906505 19.42181121
40.50124505 19.41435260
40.50007773 19.40680436
40.50274733 19.40116385
40.50782378 19.39779257
40.51132609 19.39523900
40.51525474 19.39206713
40.52055224 19.38792693
40.52702516 19.38837751
40.53055709 19.38200242
40.53346324 19.37797368
40.53990879 19.37897416
40.54501724 19.38297367
40.55169551 19.38191621
40.55764316 19.37999011
40.56408376 19.37706674
40.56874157 19.37454324
40.57385484 19.37074462
40.57930756 19.36667471
40.58435313 19.36375252
40.58929825 19.36084870
40.59333496 19.35838251
40.59742165 19.35572991
40.60344422 19.35289447
40.60980515 19.34915276
40.61543320 19.34511456
40.62008393 19.34134990
40.62422796 19.33772821
40.62915456 19.33370239
40.63291775 19.32997998
40.63730844 19.32608578
40.64160776 19.32174985
40.64706298 19.32035192
40.64785930 19.31583514
40.64242706 19.31341408
40.64748383 19.31108319
40.65420459 19.30833589
40.65940476 19.30684117
40.66448321 19.30816392
40.66600494 19.31441631
40.66736661 19.32014084
40.67055946 19.32588747
40.67411085 19.33143975
40.67728291 19.33567594
40.68013992 19.33958683
40.68411432 19.34336714
40.68774223 19.34665568
40.69161507 19.35018073
40.69623915 19.35375786
40.70100085 19.35729432
40.70600879 19.36009212
40.71095096 19.36342587
40.71610909 19.36612878
40.72236252 19.36831309
40.72708511 19.36916542
40.73291397 19.36917496
40.74403000 19.36899249
40.75508058 19.36920091
40.76344081 19.36830902
40.76871300 19.36917496
40.77426205 19.37076311
40.78057333 19.37207266
40.78538640 19.37294801
40.78985280 19.37448342
40.79622505 19.37637465
40.80106100 19.37678941
40.80689294 19.37682915
40.81146002 19.37604344
40.81640685 19.37349558
40.82166820 19.37107733
40.82583633 19.37196648
40.82812627 19.37661374
40.83055246 19.38119323
40.83335132 19.38458234
40.83683956 19.38779795
40.84178647 19.39114042
40.84962413 19.39474354
40.85786133 19.39718186
40.86495154 19.39881516
40.86982393 19.39919663
40.87476076 19.39960534
40.88124082 19.40052405
40.88887505 19.40194923
40.89479027 19.40364618
40.89994700 19.40555460
40.90719316 19.40809179
40.91399841 19.41149048
40.91898746 19.41371772
40.92377779 19.41774093
40.92788139 19.42445293
40.93151262 19.42951049
40.93543889 19.43493088
40.93854831 19.43972302
40.94130039 19.44463387
40.94379166 19.44839076
40.94651795 19.45354190
40.95009904 19.45930186
40.95323684 19.46333746
40.95602036 19.46691458
40.95948641 19.47034217
40.96377436 19.47395744
40.97008161 19.47699017
40.97555542 19.47735787
40.98147183 19.47606223
40.98576602 19.47314442
40.99002137 19.46930391
40.99460869 19.46331781
40.99629281 19.45808801
40.99848804 19.44645089
40.99342253 19.44741767
40.99482162 19.44160688
41.00161057 19.43896671
41.00773748 19.43970362
41.01449897 19.43993707
41.02025731 19.44125048
41.02586060 19.44250012
41.03115718 19.44361178
41.03611088 19.44279552
41.04172848 19.43971445
41.04619081 19.44561495
41.05018626 19.44962022
41.05585098 19.45168388
41.06191635 19.45333347
41.06893539 19.45493062
41.07514000 19.45624972
41.08513832 19.45666695
41.09111118 19.45666695
41.09745407 19.45657412
41.10347366 19.45597220
41.11074066 19.45541649
41.11696031 19.45358065
41.12089067 19.45112374
41.12453169 19.44849514
41.12991019 19.44775290
41.13322220 19.44442206
41.13952317 19.44019127
41.14610869 19.43798407
41.14870495 19.44251188
41.14916802 19.44708252
41.14888954 19.45208295
41.14854145 19.45645857
41.15029465 19.46131630
41.15484734 19.46656241
41.15947962 19.47024286
41.16392326 19.47272539
41.17098006 19.47397700
41.17699873 19.47452762
41.18303220 19.47795113
41.18947770 19.48132579
41.19597659 19.48257803
41.20281726 19.48580935
41.20723963 19.49229366
41.21189804 19.49774068
41.21555519 19.50194430
41.21888924 19.50456924
41.22255592 19.50754213
41.22840246 19.51140054
41.23308411 19.51383286
41.23733273 19.51550012
41.24239561 19.51742278
41.24941731 19.51902790
41.25601142 19.51988111
41.26288605 19.52053550
41.26645851 19.51819515
41.27260152 19.51622539
41.27974877 19.51278855
41.28421631 19.51027775
41.28831043 19.50764256
41.29232459 19.50459186
41.29663310 19.50009991
41.30136119 19.49499486
41.30528561 19.49055894
41.30819848 19.48641723
41.31073321 19.48267137
41.31261864 19.47780571
41.31469501 19.47177627
41.31315613 19.46491979
41.30980437 19.45885035
41.31198027 19.45354728
41.30740233 19.44821581
41.30972740 19.44073687
41.31221337 19.43400508
41.31991234 19.43046822
41.32279105 19.42515132
41.32560666 19.42122756
41.33146313 19.41967991
41.33814159 19.41887769
41.34462449 19.41835960
41.35034125 19.41883314
41.35489807 19.41948490
41.35945681 19.42025969
41.36614242 19.42003091
41.37259587 19.42005772
41.37804062 19.42286697
41.38371150 19.42187000
41.38904624 19.41737859
41.39208485 19.41069123
41.39389886 19.40528001
41.39903528 19.40321762
41.40296829 19.39839447
41.40702750 19.39437518
41.41216363 19.39097680
41.41265542 19.39603383
41.41034105 19.40048991
41.40759913 19.40554714
41.40035267 19.40945311
41.39822044 19.41601572
41.39754105 19.42527056
41.39866393 19.43274170
41.40053536 19.43812079
41.40274441 19.44335105
41.40860815 19.44658716
41.40890648 19.44150339
41.41386245 19.44258792
41.41966025 19.44463596
41.42411570 19.44492714
41.42916921 19.44766761
41.43602208 19.44977651
41.43785442 19.45663972
41.43819171 19.46370229
41.44137174 19.46675373
41.44441130 19.47117244
41.44736167 19.47477330
41.44986159 19.47929599
41.45336966 19.48365991
41.45717151 19.48783875
41.46140306 19.49232118
41.46528190 19.49628878
41.47013327 19.50088087
41.47586311 19.50483322
41.48257510 19.50934018
41.48841688 19.51166704
41.49449844 19.51303380
41.50136137 19.51484378
41.50770579 19.51574454
41.51502919 19.51576781
41.51945718 19.51584037
41.52410889 19.51574636
41.52943584 19.51422398
41.53551812 19.51095621
41.53947930 19.50736626
41.54156095 19.50149800
41.54307829 19.49479812
41.54447257 19.48841601
41.54661203 19.48132527
41.54806837 19.47698816
41.54937719 19.47219137
41.55323093 19.46760000
41.55749985 19.46131104
41.56222916 19.46136856
41.56658406 19.46022892
41.57039875 19.45763049
41.57479413 19.45415054
41.57922500 19.45200620
41.58539146 19.44818739
41.58422442 19.45744693
41.58101505 19.46414384
41.57878507 19.47062550
41.57519572 19.47697061
41.57371118 19.48410119
41.57268058 19.48960114
41.57163724 19.49692969
41.57025852 19.50136442
41.56928669 19.50739063
41.56906891 19.51240900
41.56930507 19.51735219
41.56933117 19.52272272
41.56984503 19.52835794
41.57060425 19.53342446
41.57235427 19.53958030
41.57438148 19.54522788
41.57546082 19.55003827
41.57814346 19.55415367
41.58144898 19.56031470
41.58549391 19.56496623
41.58868500 19.56885226
41.59295379 19.57231056
41.59788473 19.57596881
41.60236628 19.57924166
41.60853905 19.58370405
41.61393220 19.58742773
41.61525838 19.59165688
41.62215330 19.59316541
41.61736531 19.59561052
41.61217921 19.59869595
41.61310125 19.60367381
41.61870354 19.60589407
41.62497392 19.60828092
41.63011826 19.60765074
41.63547204 19.60482300
41.64061118 19.59908801
41.64433709 19.59362979
41.64740911 19.58854086
41.64626675 19.58322550
41.64285752 19.58048084
41.63610002 19.57802129
41.63995430 19.57420714
41.64762577 19.57099659
41.65443413 19.57065845
41.65979313 19.57208888
41.66396523 19.57403146
41.66939484 19.57269676
41.67533908 19.57449092
41.67954563 19.57670057
41.68490799 19.57926778
41.69180071 19.58201817
41.69769729 19.58309354
41.70261154 19.58334103
41.70805383 19.58394857
41.71535982 19.58342906
41.72174105 19.58237356
41.72839579 19.57967721
41.73336900 19.57782579
41.74043018 19.57725516
41.74890609 19.58166565
41.75102431 19.57636622
41.75394375 19.57955133
41.75543853 19.58448612
41.75599170 19.59016630
41.75601383 19.59630567
41.75783035 19.60079441
41.76122434 19.60714781
41.76948212 19.60861035
41.77485696 19.61102289
41.78075771 19.60809548
41.78249513 19.61349403
41.77867082 19.61544011
41.78487390 19.61765218
41.78953716 19.61531602
41.79730908 19.61425692
41.79371247 19.60962377
41.79127641 19.60361386
41.79804575 19.60125697
41.80442900 19.59958900
41.80888650 19.59799255
41.81199243 19.59359887
41.81170435 19.58697851
41.81028535 19.58030709
41.81280624 19.57325264
41.81533080 19.56849555
41.81814412 19.56498182
41.82108342 19.56045925
41.82475867 19.55507628
41.82900546 19.54796439
41.83218927 19.54144734
41.83472206 19.53523167
41.83859676 19.53199791
41.84069432 19.52757907
41.84250060 19.52258330
41.84277767 19.51550967
41.84513906 19.50871613
41.84694460 19.50125000
41.84819425 19.49555550
41.84958375 19.49041667
41.85138900 19.48386829
41.85341250 19.47695055
41.85675716 19.47023474
41.85740694 19.46553989
41.85841710 19.45969195
41.85986028 19.45385549
41.86414383 19.45907400
41.86615247 19.46357018
41.87090026 19.46139352
41.87545671 19.45557550
41.87933300 19.44891640
41.88148133 19.44319417
41.88270738 19.43805550
41.87982496 19.43266278
41.87483618 19.43434236
41.87019195 19.43945171
41.86923563 19.44673575
41.86672157 19.45083935
41.86301895 19.44826726
41.86035629 19.44303529
41.86079421 19.43716257
41.86111250 19.43291700
41.86166617 19.42847200
41.86236175 19.42347250
41.86291600 19.41680550
41.86324017 19.41254600
41.86155878 19.40464456
41.85682557 19.39908757
41.85290568 19.39428958
41.85045762 19.38938452
41.84790161 19.38260822
41.85027981 19.37596832
41.86632018 19.37711281
41.87811300 19.37847900
41.88035600 19.37820400
41.88198500 19.37800600
41.88354100 19.37690200
41.88701200 19.36694700
41.89501200 19.36286200
41.89514750 19.36252150
41.89817800 19.35508700
41.90173675 19.34363633
41.90723826 19.34228792
41.90746700 19.34266100
41.90750112 19.34271140
41.91055700 19.34768700
41.91100300 19.35166900
41.91204450 19.35219550
41.91686200 19.35868800
41.91849900 19.36806900
41.91969300 19.36840100
41.92083212 19.36872103
41.92256900 19.36920900
41.92809700 19.36605500
41.92966100 19.36186200
41.93346800 19.35339000
41.93829700 19.35000400
41.95277875 19.35257300
41.95525932 19.36022496
41.95559166 19.37102251
41.95759004 19.37991269
41.95823150 19.38029149
41.95871000 19.38170100
41.96194100 19.38421800
41.96209700 19.38412500
41.96341307 19.38334981
41.96435500 19.38279500
41.96525600 19.38226500
41.96877300 19.37628200
41.97384492 19.37564685
41.97424306 19.37559701
41.97523160 19.37584277
41.98406220 19.37803841
41.99247551 19.37851715
41.99509342 19.38171180
41.99562100 19.38279500
41.99633400 19.38427000
41.99652515 19.38415232
41.99828000 19.38307200
42.00204500 19.38075400
42.01085300 19.37443700
42.01336122 19.37282462
42.01896700 19.36922100
42.02385700 19.36755600
42.02849788 19.36847788
42.03166962 19.36910820
42.03499218 19.37090985
42.03921100 19.37319800
42.04087800 19.37410200
42.04565318 19.37655935
42.04566975 19.37656787
42.04686951 19.37675161
42.05112457 19.37740326
42.05620384 19.37758064
42.06396026 19.37822448
42.06399486 19.37822762
42.07172817 19.38037164
42.07174700 19.38037700
42.07943300 19.38557100
42.08126461 19.38827919
42.08200073 19.38936806
42.08774185 19.39430428
42.09256566 19.39580480
42.09804003 19.39894833
42.09809100 19.39898500
42.10010500 19.40043400
42.10056700 19.40032200
42.10466800 19.39932100
42.11132125 19.38880108
42.11295319 19.38622093
42.14110565 19.34172630
42.15279770 19.32153511
42.18000603 19.28578568
42.18130112 19.28714943
42.23069382 19.33918381
42.23785019 19.34806824
42.24338913 19.34994316
42.24779892 19.35020065
42.25436783 19.35263443
42.26055527 19.35856056
42.26647568 19.36607552
42.27231217 19.37257195
42.27981186 19.37520409
42.28692627 19.37789917
42.29172516 19.38037682
42.29604340 19.38707352
42.30429840 19.39731407
42.31669617 19.41289711
42.32160950 19.41544533
42.32314873 19.41624355
42.32468796 19.41704178
42.32799911 19.41660881
42.32893244 19.41648483
42.33766937 19.41533089
42.34618759 19.41461468
42.34706879 19.41490555
42.35319519 19.41692734
42.35815048 19.41915512
42.36392594 19.42174911
42.37292480 19.42939377
42.37454033 19.43048191
42.38112640 19.43664742
42.38494873 19.44755364
42.38679886 19.45321846
42.38885498 19.45952225
42.39156342 19.46541023
42.39476013 19.47278786
42.40216446 19.47961235
42.40869141 19.48499680
42.41485367 19.48885460
42.42023087 19.49025726
42.42425537 19.49330521
42.43078613 19.49823952
42.43081665 19.49825859
42.43084717 19.49827767
42.43641281 19.50166512
42.44120407 19.50988388
42.44263077 19.51386261
42.44279289 19.51418400
42.44295502 19.51450539
42.44485474 19.51824951
42.44591713 19.51828003
42.44697952 19.51831055
42.45141983 19.51843452
42.45513535 19.52211189
42.45939255 19.52943993
42.45965386 19.52988911
42.45991516 19.53033829
42.47016907 19.53941155
42.47599030 19.54160500
42.48044205 19.54328346
42.48527145 19.54629898
42.49033737 19.55293465
42.49842453 19.55864906
42.50742340 19.56061173
42.51605988 19.56313515
42.52036667 19.56987190
42.52359772 19.58350945
42.53335381 19.60236073
42.53421402 19.60402298
42.54170227 19.61242676
42.54912186 19.61981201
42.55365753 19.61818886
42.55847549 19.61548424
42.56420899 19.61064339
42.56425858 19.61060143
42.56970596 19.60778427
42.57947540 19.61277580
42.59015656 19.62286758
42.61243820 19.64503288
42.61339107 19.64595474
42.61372757 19.64628029
42.61407471 19.64661789
42.62264949 19.65494241
42.62390518 19.65616131
42.62636566 19.65978623
42.62983704 19.66587067
42.63129425 19.67391777
42.63253276 19.67923927
42.63569260 19.68222427
42.64180374 19.68719101
42.64638138 19.69591046
42.65033722 19.70088291
42.65584183 19.70157051
42.65888977 19.70691872
42.66026688 19.71613693
42.66043091 19.72368336
42.65844345 19.72941971
42.65190888 19.73546600
42.64781189 19.73754883
42.64342308 19.74245739
42.64309692 19.74806404
42.64179802 19.75292492
42.63745308 19.75294399
42.63308334 19.75074768
42.62925339 19.74825478
42.62388992 19.74982739
42.61959076 19.75365448
42.60591889 19.76144505
42.60182606 19.76541908
42.59892273 19.76837730
42.59789658 19.76942253
42.59652329 19.77024078
42.59321213 19.77221489
42.59221840 19.77280712
42.58779526 19.77096558
42.58731842 19.76086044
42.58299637 19.75358391
42.57932663 19.75040626
42.57397461 19.75108147
42.57244873 19.75127220
42.56685257 19.75406647
42.55832672 19.74732399
42.55162283 19.74455430
42.55038452 19.74365044
42.54993820 19.74387550
42.54627991 19.74572373
42.53954315 19.74865914
42.53463745 19.75033379
42.52720642 19.75439072
42.51990128 19.76051521
42.50927544 19.76290608
42.50775528 19.76309776
42.50413513 19.76613045
42.50338936 19.76675606
42.50264359 19.76738167
42.49938202 19.77375793
42.49930382 19.77391052
42.49922562 19.77406311
42.49726486 19.77951622
42.49066162 19.78451157
42.48467636 19.79042816
42.48390200 19.79118880
42.48370743 19.79137993
42.48342133 19.79165840
42.48312759 19.79223442
42.47658920 19.80500412
42.46947098 19.81995201
42.46897698 19.82149220
42.46848297 19.82303238
42.46755219 19.82591438
42.46767896 19.82658891
42.46749022 19.82732997
42.46741676 19.83322907
42.47429848 19.83495331
42.47826767 19.84102631
42.47842407 19.84185600
42.47926712 19.84629631
42.48044777 19.85062027
42.48149236 19.85686716
42.48159790 19.85849571
42.48375321 19.86811447
42.48437119 19.86857414
42.48618698 19.86989212
42.48983530 19.87041536
42.49032402 19.87056542
42.49408531 19.87307072
42.49378077 19.88134702
42.48915863 19.88617134
42.48594666 19.89021492
42.48857117 19.89509201
42.49035468 19.89565030
42.49037307 19.89565605
42.49038696 19.89566040
42.49211502 19.89620972
42.49729157 19.89656830
42.49740601 19.89657688
42.50224304 19.89808083
42.50739288 19.90628624
42.51775742 19.92999077
42.51937485 19.93708038
42.51652527 19.94167805
42.51622772 19.94215393
42.51286316 19.94985580
42.51026917 19.95746994
42.51153183 19.96210861
42.51329041 19.96854782
42.51514435 19.97352600
42.51547623 19.97868538
42.51262283 19.98840904
42.51235581 19.99024010
42.51206970 19.99233437
42.51187515 19.99373054
42.51130295 19.99794006
42.51137161 19.99801064
42.51277158 19.99947844
42.51420593 20.00098228
42.51707840 20.00399780
42.52812958 20.00835800
42.53519821 20.01063156
42.53847504 20.01387978
42.54521370 20.02524567
42.54831696 20.03310966
42.55042648 20.03846169
42.55101395 20.03962135
42.55102801 20.03964907
42.55107843 20.03974841
42.55438995 20.04630852
42.55725861 20.05155754
42.55756188 20.05210686
42.55975723 20.05815506
42.55936813 20.06406593
42.55896759 20.07023621
42.55717850 20.07549858
42.55433846 20.08310700
42.55393219 20.08349228
42.54529953 20.09168053
42.53708649 20.09989738
42.53405762 20.10293007
42.52860069 20.11283016
42.52852631 20.11296463
42.52550125 20.11982727
42.52178574 20.12824249
42.51907730 20.13440514
42.51221466 20.15413284
42.51057816 20.15884399
42.50491333 20.16680908
42.49726486 20.16771507
42.49360657 20.17076874
42.48936081 20.17672730
42.48109055 20.18005943
42.47656632 20.18163300
42.47335434 20.18565560
42.47298050 20.18681622
42.47260666 20.18797684
42.47109222 20.19268990
42.46632004 20.19638252
42.46625137 20.19635391
42.46347428 20.19508553
42.45997238 20.19348717
42.45409012 20.19159126
42.44927216 20.19476700
42.44354248 20.20168114
42.43864059 20.20954704
42.43765450 20.21122265
42.43666840 20.21289825
42.43305969 20.21904182
42.42456436 20.22472954
42.41642284 20.22278976
42.40959931 20.21299171
42.40564728 20.21138382
42.40082932 20.21195412
42.40029526 20.21201706
42.39447021 20.21738243
42.38841629 20.22536850
42.38019562 20.23568726
42.37015915 20.24154472
42.36099243 20.24263382
42.35313416 20.23991966
42.34631729 20.23970413
42.34617615 20.23970413
42.34519825 20.23982139
42.34364700 20.24000740
42.34352875 20.24001694
42.33471680 20.24105454
42.32984161 20.24341583
42.32762146 20.24449158
42.32600403 20.24609184
42.32109070 20.25096512
42.31859970 20.25738907
42.31709671 20.26128960
42.31719971 20.26184940
42.31840530 20.26842597
42.31929398 20.27327538
42.31963921 20.27515698
42.31998444 20.27703857
42.32210922 20.28663826
42.32181168 20.29445839
42.31947432 20.29871966
42.31914139 20.29858208
42.31582642 20.29723358
42.31429672 20.29741001
42.31276703 20.29758644
42.31145477 20.30137825
42.31324005 20.30530739
42.31426621 20.30657578
42.31527710 20.30781746
42.31864548 20.31194306
42.32240486 20.32027531
42.32461548 20.32796955
42.32491048 20.33468882
42.32130242 20.34357739
42.31362152 20.34988022
42.30830193 20.35296440
42.30804062 20.35311508
42.30472183 20.36179733
42.30466080 20.36208471
42.30342484 20.36767006
42.30240504 20.37223434
42.29992104 20.38221359
42.29708481 20.38860512
42.29157257 20.39287186
42.28618622 20.39919662
42.28546715 20.40043163
42.28163910 20.40699005
42.28198242 20.41264153
42.27892685 20.42594338
42.27199364 20.44279098
42.26433563 20.45871925
42.25670242 20.46924973
42.25642586 20.46963310
42.25076676 20.47680092
42.24755478 20.48083305
42.24228668 20.48704910
42.23784256 20.49230385
42.23038864 20.49978829
42.22330856 20.50689507
42.21753311 20.51259041
42.21203613 20.51799584
42.20149485 20.52458509
42.18861771 20.52896071
42.17668533 20.53183556
42.16613770 20.53561592
42.15788040 20.54066811
42.15238190 20.54632187
42.14827728 20.54953194
42.13709259 20.55811024
42.13675308 20.55823135
42.12999725 20.56067658
42.12957192 20.56083202
42.12914658 20.56098747
42.12295914 20.56199074
42.12125015 20.56226730
42.11885834 20.56265640
42.11745834 20.56225204
42.10984802 20.56005287
42.10135651 20.55945969
42.09455872 20.56176567
42.08472824 20.56090832
42.07981300 20.55801773
42.07395825 20.55916590
42.07209778 20.55912399
42.07118607 20.55970955
42.07027435 20.56029511
42.06430435 20.56413078
42.06399346 20.56445599
42.05923081 20.56935692
42.04892731 20.58393478
42.04501724 20.58952904
42.03963852 20.59321785
42.03942871 20.59323311
42.02873230 20.59393311
42.02681923 20.59474945
42.01852646 20.59750671
42.01268768 20.60242653
42.00826263 20.60478973
42.00769806 20.60510063
42.00298691 20.60763550
41.99430847 20.61066246
41.98832321 20.61339760
41.98382950 20.61544037
41.97785950 20.61868668
41.97640610 20.62013245
41.96759415 20.62755585
41.95914078 20.62814808
41.95832825 20.62788391
41.95171738 20.62570763
41.95037842 20.62533856
41.94421387 20.62331963
41.94334030 20.62276459
41.93468475 20.61730194
41.92964935 20.61012459
41.92670822 20.59911728
41.92588425 20.59737968
41.92506027 20.59564209
41.92276001 20.59079933
41.91873169 20.58705521
41.91728210 20.58571053
41.91583252 20.58436585
41.91394544 20.58368751
41.91144333 20.58217049
41.90613175 20.58286286
41.90206909 20.58460617
41.90124893 20.58495712
41.89907456 20.58619881
41.89636993 20.58775139
41.89232254 20.59007454
41.88304329 20.59294224
41.88164139 20.59236336
41.87853623 20.59109688
41.87597275 20.58674812
41.87347221 20.57814407
41.87307739 20.57676888
41.87152100 20.57255745
41.86942291 20.56688118
41.86538315 20.56373405
41.86353683 20.56362534
41.86348127 20.56362225
41.85927804 20.56337150
41.85874176 20.56333923
41.85808182 20.56330013
41.85742188 20.56326103
41.85033417 20.56284714
41.84943581 20.56284332
41.83970738 20.56261015
41.83224487 20.56227112
41.82487106 20.56157875
41.81466293 20.56478691
41.80793762 20.56809235
41.80344009 20.57013512
41.80235672 20.57128620
41.79560089 20.57410240
41.78680611 20.57129288
41.78654480 20.56958580
41.78582764 20.56491089
41.78392029 20.55227089
41.78313828 20.55016136
41.78281194 20.54928098
41.78209686 20.54735184
41.78026581 20.54239273
41.78017616 20.54228401
41.78008652 20.54217529
41.77487183 20.53580666
41.77404213 20.53565311
41.76781273 20.53447819
41.75896327 20.52984683
41.75183106 20.52348518
41.74235916 20.51940346
41.73663330 20.51895714
41.73153687 20.51857185
41.73051262 20.51876259
41.72454643 20.51817703
41.71860504 20.52105141
41.71260834 20.52377892
41.70438767 20.52778435
41.69520823 20.52975273
41.69396591 20.52975273
41.68680954 20.52975845
41.67933273 20.52700424
41.67308807 20.52565002
41.66769409 20.52522469
41.66297150 20.52371788
41.66150856 20.52489948
41.65405655 20.52880669
41.64873505 20.52992058
41.64429474 20.52876282
41.64403152 20.52869415
41.64326477 20.52848435
41.64235723 20.52876320
41.63621521 20.52892113
41.63436719 20.53410525
41.62817001 20.53991890
41.61120606 20.55241394
41.59222412 20.55882835
41.58359400 20.55866941
41.58346026 20.55844380
41.58276367 20.55726624
41.58074951 20.55387115
41.57704926 20.54763031
41.56875992 20.53268909
41.56571579 20.51988792
41.56149673 20.50318146
41.55666351 20.48975372
41.55744171 20.47571182
41.55382156 20.47284508
41.55209181 20.47147000
41.55155182 20.47104073
41.54997253 20.47039795
41.54377365 20.46794129
41.53251267 20.46348190
41.52876663 20.45974350
41.52525521 20.45623207
41.52479172 20.45576668
41.51954270 20.45899582
41.51804352 20.45991707
41.51622772 20.46103477
41.51486969 20.46468544
41.51206207 20.47222900
41.50504684 20.47302246
41.50485230 20.47304535
41.50473404 20.47318840
41.50400664 20.47407854
41.50277329 20.47558785
41.49808884 20.48132134
41.49570847 20.49553490
41.49689865 20.50185394
41.49394226 20.50646591
41.48831177 20.50709152
41.48469162 20.49999428
41.48346901 20.50057602
41.48224640 20.50115776
41.47292709 20.50560379
41.45548630 20.51077843
41.44205475 20.51548958
41.43776703 20.52455330
41.43568039 20.53013611
41.43195724 20.53448391
41.43036652 20.54169178
41.42509079 20.54618645
41.42147446 20.54887962
41.41402054 20.55934525
41.40787888 20.56234646
41.40715790 20.56153107
41.40640456 20.56068323
41.40498352 20.55908394
41.40443039 20.55845642
41.40435817 20.55837462
41.40342331 20.55731583
41.39441300 20.55510139
41.39052963 20.55416489
41.38809204 20.55358696
41.38807861 20.55358382
41.38214874 20.55217171
41.37625885 20.54957581
41.37055206 20.54704094
41.36789703 20.54305267
41.35945621 20.54001709
41.35942696 20.54000644
41.35761812 20.53797213
41.35351944 20.53182411
41.35193440 20.53157995
41.34180641 20.52553845
41.33913422 20.52057457
41.33950043 20.51303482
41.34211922 20.50717831
41.34339523 20.50574303
41.34613037 20.50266838
41.34603691 20.50107288
41.34594345 20.49947739
41.33935929 20.49498367
41.33928490 20.49493313
41.33921051 20.49488258
41.33100510 20.49501991
41.32946968 20.49504566
41.32793427 20.49507141
41.32258225 20.49995613
41.31482887 20.50062275
41.30834198 20.50442886
41.30675125 20.50493050
41.29878616 20.50796700
41.29037857 20.51120377
41.28483955 20.51327244
41.27686056 20.51523590
41.27611160 20.51505661
41.26694489 20.51288414
41.26608276 20.51268387
41.26574326 20.51278496
41.25659561 20.51588249
41.25255585 20.52041817
41.25193214 20.52111721
41.24397564 20.51884008
41.23848470 20.52204832
41.22974269 20.52403323
41.22808075 20.52440643
41.21791840 20.52980423
41.20701981 20.53636551
41.20090866 20.53869057
41.19914246 20.53936195
41.19452286 20.54308510
41.19171143 20.54980850
41.19196701 20.55432892
41.19208527 20.55631352
41.18680573 20.56132889
41.17970657 20.56501961
41.16966248 20.57252884
41.16043472 20.57995605
41.14885712 20.58869743
41.13320923 20.59682083
41.12641716 20.59795570
41.12596893 20.59732628
41.12335205 20.59364891
41.12205315 20.59218979
41.12075424 20.59073067
41.11576462 20.58808327
41.11456108 20.58821011
41.11335754 20.58833694
41.10614777 20.58914185
41.09571457 20.59669113
41.09408951 20.59823036
41.09357357 20.59871851
41.09270859 20.59953690
41.09189606 20.60030365
41.09182358 20.60058403
41.09032440 20.60679626
41.08898544 20.61234856
41.08534622 20.63381958
41.08525340 20.63436381
41.08419037 20.64058495
41.08314896 20.64845848
41.08140183 20.66166878
41.07946396 20.66987038
41.07404328 20.67366409
41.06625366 20.67824173
41.05173492 20.68514443
41.03081894 20.69273186
41.01544571 20.69888496
41.01073074 20.70075989
40.99014664 20.70724678
40.96651840 20.71671677
40.94760895 20.72408295
40.93142700 20.73006630
40.92239761 20.73422432
40.91213989 20.73798370
40.91073946 20.73926617
40.91064584 20.73935190
40.91037369 20.73960114
40.91022110 20.73974037
40.90755844 20.74218750
40.90326691 20.75169182
40.90305328 20.75254631
40.90162659 20.75823212
40.89992523 20.77063560
40.89993477 20.77079391
40.90093613 20.78806686
40.90325928 20.80747414
40.90336927 20.81374264
40.90311684 20.81894600
40.90618515 20.82897377
40.91164398 20.83716011
40.91548348 20.84256268
40.91598129 20.84326744
40.91955566 20.84771538
40.92165756 20.85538292
40.92332840 20.86134338
40.92461777 20.86681652
40.92395401 20.87264729
40.91948319 20.88554573
40.91869354 20.88751411
40.91678619 20.89226913
40.91597748 20.89590454
40.91558457 20.89767838
40.91519165 20.89945221
40.91479111 20.90309715
40.91387176 20.91141319
40.91422272 20.91244316
40.91457367 20.91347313
40.91618729 20.91819382
40.91706085 20.92072105
40.91774750 20.92262268
40.91981125 20.92831993
40.92076492 20.93347931
40.91927338 20.94240189
40.91801071 20.94954300
40.91644669 20.95716000
40.91162109 20.96380997
40.91047287 20.96482086
40.90770722 20.96727371
40.90535736 20.97276688
40.90214729 20.97926331
40.89536413 20.98591487
40.88858795 20.98678360
40.87474442 20.98995209
40.85806274 20.99133873
40.85276795 20.99171448
40.84633255 20.99137688
40.84647369 20.98143578
40.84656525 20.97520065
40.84656525 20.97501373
40.84546022 20.97471298
40.84531784 20.97467423
40.79701614 20.97550583
40.79001618 20.97543907
40.78939311 20.97543399
40.78908157 20.97543144
40.78555298 20.97539330
40.78490448 20.97526550
40.78290558 20.97482681
40.77995682 20.97170830
40.77632523 20.96967888
40.77479172 20.96882248
40.77354431 20.96757317
40.77299881 20.96671486
40.77204132 20.96522522
40.76805496 20.95898819
40.76777268 20.95842171
40.76749504 20.95786359
40.76665878 20.95618248
40.76400375 20.95084953
40.76263809 20.94713020
40.76219559 20.94754219
40.76223373 20.95140267
40.76185425 20.95337150
40.75951386 20.95750904
40.75828651 20.95911943
40.75547028 20.96198845
40.75466537 20.96341896
40.75423050 20.96571922
40.75411606 20.96982956
40.75419353 20.97052839
40.75409126 20.97170019
40.74704933 20.97572136
40.74409550 20.97566287
40.74180222 20.97541046
40.74149282 20.97561133
40.73853193 20.97555270
40.73480154 20.97509499
40.73377991 20.97472763
40.73017883 20.97459030
40.72953796 20.97487068
40.72663977 20.97810037
40.72521210 20.97902966
40.72380448 20.97993660
40.72213745 20.98478699
40.71985626 20.98883057
40.71965599 20.99033546
40.71774483 20.99508095
40.71713257 20.99573135
40.71639229 20.99694431
40.71268463 21.00205231
40.71176148 21.00259781
40.70969391 21.00573921
40.70335388 21.01239586
40.70065308 21.01594734
40.69644165 21.01942062
40.69588471 21.02014160
40.69187164 21.02300453
40.68675995 21.02742958
40.68639628 21.02775002
40.68252182 21.03029251
40.67883682 21.03252125
40.67857742 21.03267670
40.67380905 21.03556061
40.67249489 21.03684139
40.66210556 21.04657173
40.65862147 21.04908752
40.64775848 21.04757309
40.64215469 21.04705811
40.62861666 21.04461189
40.62821960 21.04449081
40.62684250 21.04406929
40.62573624 21.04433060
40.62462998 21.04459190
40.62345996 21.04525260
40.61769486 21.04764748
40.61322403 21.04829407
40.60831070 21.04832172
40.60788345 21.04372692
40.60782242 21.04273605
40.60647909 21.04013441
40.60627963 21.03962417
40.60623550 21.03938675
40.60594177 21.03781700
40.60496521 21.03722763
40.60111237 21.03859139
40.60066033 21.03875160
40.59982829 21.03887632
40.59800339 21.03870583
40.59617233 21.03853416
40.59592056 21.03887177
40.59548393 21.03945521
40.58991242 21.03893757
40.58906555 21.03859139
40.58572006 21.03788376
40.58438492 21.03356362
40.58383179 21.03288460
40.58327866 21.03220558
40.57569371 21.03574692
40.56785973 21.03850228
40.56719589 21.03823853
40.56561661 21.03824043
40.56448201 21.03872769
40.56241353 21.03883489
40.55936654 21.03699309
40.55745316 21.03513718
40.55616760 21.03505945
40.55581284 21.03503799
40.55501175 21.03497887
40.55367661 21.03480911
40.55353928 21.03474045
40.55353165 21.03466034
40.55342484 21.03439522
40.55326462 21.03418922
40.55308914 21.03399277
40.55291367 21.03380585
40.55275726 21.03360367
40.55263138 21.03336334
40.55253601 21.03309059
40.55246353 21.03281021
40.55241394 21.03252220
40.55235291 21.03223801
40.55227280 21.03195763
40.55219269 21.03168106
40.55213165 21.03139877
40.55209732 21.03111077
40.55208969 21.03081703
40.55210114 21.03051949
40.55210877 21.03022194
40.55211258 21.02992630
40.55211258 21.02962875
40.55211258 21.02933311
40.55218124 21.02905655
40.55227280 21.02878952
40.55229187 21.02849388
40.55228997 21.02842028
40.55227698 21.02791692
40.55306894 21.02503760
40.55323410 21.02490807
40.55340958 21.02472687
40.55358505 21.02452660
40.55374146 21.02431869
40.55390549 21.02409554
40.55397415 21.02383995
40.55390930 21.02355194
40.55384064 21.02326202
40.55376816 21.02297211
40.55376434 21.02269554
40.55390167 21.02243805
40.55396652 21.02216911
40.55393982 21.02188110
40.55387879 21.02158928
40.55379868 21.02130509
40.55368423 21.02104950
40.55358887 21.02078629
40.55356217 21.02049637
40.55355454 21.02019692
40.55356598 21.01990318
40.55358505 21.01960754
40.55360413 21.01931000
40.55359650 21.01901627
40.55351639 21.01873970
40.55340958 21.01847839
40.55326843 21.01825142
40.55315682 21.01811064
40.55310967 21.01743053
40.55285657 21.01677644
40.55286789 21.01665115
40.55286026 21.01635742
40.55284500 21.01606369
40.55281830 21.01576996
40.55279160 21.01547623
40.55277634 21.01518059
40.55278778 21.01488495
40.55283356 21.01459694
40.55286026 21.01430512
40.55281067 21.01402092
40.55263519 21.01383782
40.55247498 21.01362228
40.55236053 21.01337242
40.55234528 21.01307869
40.55233765 21.01277924
40.55231857 21.01248169
40.55223084 21.01220894
40.55210877 21.01195335
40.55194092 21.01177788
40.55164337 21.01170731
40.55141831 21.01171875
40.55119324 21.01172447
40.55095673 21.01172829
40.55088300 21.01167594
40.55055002 21.01081538
40.54881968 21.00767342
40.54882431 21.00755310
40.54882431 21.00725746
40.54886246 21.00696754
40.54892731 21.00668907
40.54901886 21.00641441
40.54911041 21.00614739
40.54922867 21.00589752
40.54937744 21.00566864
40.54951477 21.00543404
40.54959106 21.00515938
40.54964447 21.00486374
40.54964447 21.00457954
40.54948044 21.00436401
40.54927063 21.00430870
40.54903412 21.00430679
40.54880905 21.00430107
40.54858399 21.00429726
40.54835892 21.00428963
40.54813385 21.00427628
40.54790878 21.00425911
40.54768372 21.00423813
40.54745865 21.00419998
40.54723740 21.00413704
40.54702759 21.00404167
40.54681778 21.00393867
40.54674542 21.00390694
40.54670878 21.00384040
40.54398346 20.99816513
40.53973971 20.99643270
40.53827667 20.99491882
40.53800770 20.99499952
40.53480823 20.99157148
40.53475189 20.99136734
40.53472901 20.99128151
40.53417206 20.99048233
40.53375626 20.99021912
40.53275681 20.98959351
40.53105545 20.99071503
40.53111704 20.99105222
40.52913490 20.99112871
40.52647323 20.98631763
40.52645493 20.98628044
40.52632904 20.98603439
40.52620697 20.98578835
40.52607346 20.98554611
40.52595139 20.98530197
40.52581787 20.98505974
40.52569580 20.98481751
40.52543259 20.98433495
40.52529907 20.98409462
40.52516556 20.98385620
40.52503204 20.98362351
40.52497290 20.98353479
40.52347167 20.98065860
40.52339172 20.98046303
40.52327728 20.98020935
40.52315521 20.97996521
40.52301407 20.97972870
40.52288055 20.97949219
40.52275848 20.97924996
40.52263260 20.97900391
40.52250290 20.97875977
40.52236939 20.97851944
40.52223587 20.97828293
40.52210617 20.97804833
40.52196503 20.97781181
40.52183914 20.97757149
40.52170944 20.97732735
40.52158356 20.97708511
40.52145386 20.97684479
40.52131271 20.97661400
40.52116013 20.97638893
40.52100372 20.97617912
40.52083588 20.97599029
40.52064896 20.97582054
40.52026367 20.97550964
40.52006149 20.97536278
40.51991841 20.97527909
40.51729687 20.96966246
40.51738739 20.96950531
40.51753235 20.96928215
40.51767349 20.96905327
40.51781082 20.96882057
40.51792145 20.96855736
40.51796723 20.96827316
40.51794052 20.96797180
40.51785278 20.96770859
40.51770401 20.96748924
40.51752472 20.96728516
40.51736832 20.96708107
40.51720047 20.96688652
40.51702499 20.96670151
40.51683044 20.96653748
40.51663971 20.96638680
40.51644516 20.96623802
40.51625061 20.96608734
40.51605988 20.96594620
40.51585770 20.96581459
40.51564789 20.96569824
40.51543808 20.96560097
40.51522064 20.96552086
40.51499176 20.96545792
40.51477432 20.96540833
40.51454926 20.96537781
40.51432419 20.96536636
40.51417295 20.96537149
40.51229156 20.96223102
40.51244736 20.96188736
40.51151657 20.96031952
40.50970841 20.95914078
40.50761876 20.95906226
40.50474453 20.95795655
40.50421594 20.95779273
40.50370789 20.95736504
40.50285339 20.95571518
40.50069428 20.95648766
40.49904633 20.95562935
40.49817085 20.95591927
40.49729538 20.95620918
40.49655716 20.95675261
40.49352455 20.95831871
40.49229813 20.95855522
40.49023056 20.96110725
40.48063660 20.95807815
40.48046875 20.95792580
40.48024750 20.95773125
40.47992706 20.95752144
40.47937012 20.95729637
40.47925350 20.95725579
40.47665546 20.95429211
40.47655487 20.95393944
40.47634506 20.95319748
40.47575760 20.95234871
40.47478104 20.95137978
40.47319031 20.95063591
40.47306670 20.95057817
40.46829033 20.94666386
40.46716690 20.94531441
40.46542740 20.94472694
40.46467972 20.94447518
40.46432466 20.94456079
40.46390067 20.94433594
40.46265613 20.94001006
40.46264267 20.93989754
40.46254349 20.93949127
40.46247482 20.93920898
40.46241379 20.93895340
40.46232224 20.93859482
40.46229935 20.93841553
40.46222687 20.93810081
40.46214676 20.93782997
40.46205521 20.93742752
40.46196365 20.93699265
40.46187210 20.93663406
40.46152496 20.93575096
40.46137238 20.93504715
40.46119690 20.93453789
40.46104501 20.93417781
40.46098982 20.93397767
40.46000178 20.92801853
40.46170934 20.92199214
40.46240844 20.92087501
40.46271896 20.92070770
40.46310043 20.92046738
40.46352386 20.91975021
40.46361542 20.91912079
40.46370697 20.91883469
40.46373453 20.91875597
40.46476540 20.91710868
40.46623429 20.91556887
40.46672440 20.91548347
40.46715927 20.91527176
40.46741104 20.91518211
40.46763992 20.91506195
40.46802139 20.91485405
40.46825028 20.91470337
40.46851730 20.91446495
40.46874237 20.91420746
40.46891403 20.91385079
40.46919632 20.91329575
40.46933365 20.91305542
40.46947098 20.91275597
40.46956253 20.91244125
40.46960831 20.91215706
40.46965408 20.91193199
40.46981430 20.91152954
40.46991730 20.91125870
40.47006989 20.91100502
40.47019196 20.91074944
40.47039795 20.91036034
40.47055054 20.91000176
40.47077560 20.90965652
40.47099686 20.90920830
40.47119522 20.90884972
40.47131729 20.90846062
40.47153091 20.90794945
40.47188568 20.90750122
40.47199249 20.90742683
40.47220230 20.90721703
40.47238541 20.90699196
40.47256851 20.90675163
40.47270966 20.90655708
40.47278595 20.90640831
40.47292328 20.90619850
40.47302246 20.90577888
40.47313690 20.90542030
40.47324753 20.90508843
40.47330093 20.90474510
40.47330093 20.90452004
40.47329712 20.90437126
40.47326279 20.90399551
40.47312927 20.90369606
40.47268295 20.90288734
40.47260666 20.90275383
40.47243500 20.90237999
40.47236633 20.90221596
40.47225353 20.90196424
40.47186722 20.89754432
40.47207260 20.89723015
40.47232819 20.89673424
40.47240448 20.89621162
40.47234345 20.89558220
40.47217178 20.89487839
40.47202255 20.89456560
40.47226775 20.89028287
40.47227859 20.89025116
40.47239685 20.88986206
40.47248840 20.88960838
40.47260666 20.88929367
40.47273636 20.88887406
40.47280121 20.88850021
40.47282791 20.88813973
40.47280502 20.88770676
40.47277832 20.88739205
40.47274399 20.88704681
40.47269058 20.88683701
40.47261810 20.88647843
40.47252274 20.88622284
40.47226715 20.88572884
40.47164917 20.88496590
40.47143112 20.88462688
40.47105662 20.88275576
40.47104812 20.88170072
40.47105789 20.88167191
40.47117615 20.88105965
40.47120285 20.88072968
40.47132111 20.87973976
40.47132111 20.87935066
40.47117996 20.87881279
40.47110748 20.87852860
40.47104263 20.87816811
40.47101889 20.87807086
40.47096253 20.87784004
40.47091675 20.87751007
40.47090912 20.87718010
40.47092441 20.87691726
40.47093964 20.87665558
40.47100067 20.87626648
40.47099686 20.87602806
40.47099686 20.87574387
40.47086716 20.87530899
40.47081375 20.87500954
40.47079468 20.87488937
40.47071838 20.87446976
40.47058106 20.87406540
40.47041702 20.87369156
40.47023010 20.87337685
40.46997070 20.87306404
40.46980286 20.87291336
40.46962738 20.87280846
40.46944809 20.87271881
40.46923507 20.87267727
40.46911960 20.87238746
40.46886642 20.86781689
40.46896362 20.86753845
40.46913910 20.86707497
40.46923065 20.86680412
40.46931076 20.86641503
40.46932983 20.86608696
40.46935654 20.86581612
40.46941376 20.86553192
40.46940740 20.86549418
40.47040124 20.86199119
40.47290588 20.85865033
40.47291946 20.85863876
40.47311401 20.85844421
40.47346115 20.85796547
40.47383499 20.85748482
40.47422409 20.85699081
40.47454834 20.85657120
40.47479629 20.85612106
40.47496796 20.85582161
40.47523499 20.85534096
40.47549439 20.85460854
40.47562027 20.85424805
40.47569656 20.85372353
40.47570419 20.85306358
40.47570419 20.85240555
40.47567749 20.85174751
40.47567368 20.85126686
40.47571182 20.85101128
40.47571233 20.85099729
40.47572708 20.85059357
40.47576523 20.85006905
40.47578049 20.84964943
40.47585297 20.84922981
40.47587279 20.84903046
40.47588730 20.84888458
40.47598648 20.84852600
40.47605896 20.84819603
40.47615051 20.84797287
40.47624970 20.84764099
40.47629166 20.84719276
40.47631455 20.84672737
40.47639465 20.84635353
40.47650528 20.84579849
40.47662735 20.84527397
40.47672653 20.84503555
40.47682190 20.84485436
40.47689819 20.84465981
40.47694016 20.84424019
40.47698212 20.84415245
40.47698212 20.84380722
40.47697449 20.84352303
40.47695160 20.84334183
40.47691727 20.84307289
40.47686005 20.84290886
40.47677994 20.84268379
40.47665787 20.84243012
40.47644424 20.84193611
40.47612381 20.84142685
40.47591019 20.84114266
40.47572327 20.84094810
40.47561264 20.84084320
40.47550202 20.84066200
40.47534180 20.84043884
40.47497559 20.83988571
40.47473145 20.83961678
40.47458267 20.83939171
40.47443390 20.83918190
40.47427368 20.83897209
40.47389984 20.83841896
40.47356415 20.83804512
40.47333527 20.83786583
40.47283936 20.83755112
40.47268137 20.83748924
40.47184601 20.83628263
40.47128546 20.83554350
40.47105789 20.83506393
40.46883774 20.83205414
40.46830940 20.83161926
40.46778107 20.83118439
40.46735302 20.83104485
40.46418675 20.82914318
40.46371460 20.82826805
40.46103668 20.82719040
40.45872879 20.82480240
40.45674896 20.82401466
40.45521569 20.82469702
40.44670150 20.82244528
40.44520569 20.82124329
40.44421897 20.82093684
40.44090780 20.81892490
40.43966701 20.81763616
40.43894577 20.81536865
40.43800354 20.81424904
40.43745041 20.81408882
40.43606186 20.81446648
40.43575287 20.81455040
40.43545331 20.81463163
40.43246549 20.81467812
40.43090153 20.80910635
40.43148586 20.80765481
40.43281174 20.80605125
40.43307495 20.80463219
40.43234253 20.80291176
40.43039398 20.79972169
40.42863369 20.79611731
40.42715018 20.78961182
40.42665911 20.78886353
40.42647553 20.78843689
40.42572785 20.78732681
40.42422867 20.78516007
40.42192648 20.78167303
40.42151261 20.78070068
40.42021942 20.77928162
40.41771317 20.77796364
40.41643524 20.77777481
40.41523361 20.77822495
40.41236496 20.78099632
40.40516472 20.78464317
40.40408707 20.78425408
40.40384815 20.78427365
40.40029907 20.78327751
40.39897919 20.78209877
40.39448547 20.78033257
40.39339403 20.77990311
40.39273071 20.77964211
40.39186859 20.77958488
40.38822556 20.78102684
40.38384628 20.78136063
40.38213539 20.78204250
40.38042450 20.78272438
40.37655640 20.78501701
40.37244415 20.78352928
40.37046623 20.78324127
40.36848831 20.78295326
40.36426926 20.78370666
40.36092377 20.78260994
40.35987854 20.78247070
40.35447557 20.78156989
40.35046673 20.77588701
40.34997009 20.77354044
40.35005569 20.77103806
40.34925461 20.76898766
40.34805679 20.76857948
40.34468812 20.76860056
40.34173894 20.76797903
40.34160355 20.76776800
40.34152222 20.76716423
40.34045029 20.76535416
40.33869673 20.76323743
40.33798790 20.76213265
40.33772659 20.76156807
40.33585739 20.75753975
40.33231735 20.75486183
40.32592392 20.75103569
40.32459641 20.75049782
40.32357788 20.75051880
40.32060933 20.75311973
40.31658382 20.75551691
40.31195689 20.74642314
40.31197357 20.74639702
40.31206894 20.74626160
40.31221390 20.74585724
40.31222153 20.74554443
40.31223297 20.74530411
40.31220245 20.74484253
40.31211472 20.74461937
40.31198120 20.74433899
40.31178665 20.74386215
40.31166458 20.74362564
40.31156540 20.74340057
40.31151962 20.74329758
40.31142807 20.74300003
40.31128693 20.74268913
40.31117249 20.74251175
40.31099319 20.74224472
40.31090546 20.74203682
40.31066513 20.74172592
40.31048584 20.74153328
40.31037396 20.74139597
40.30977340 20.73917253
40.30949856 20.73857343
40.30952835 20.73852921
40.30963898 20.73834991
40.30978012 20.73815346
40.30984497 20.73798752
40.30987549 20.73767471
40.30987549 20.73713684
40.30981445 20.73686790
40.30962753 20.73654175
40.30944443 20.73624611
40.30904770 20.73554993
40.30886078 20.73531342
40.30856323 20.73494339
40.30830383 20.73467636
40.30810547 20.73444176
40.30794144 20.73427963
40.30774689 20.73408699
40.30751419 20.73383522
40.30726624 20.73334694
40.30712128 20.73303413
40.30668640 20.73235321
40.30645752 20.73213196
40.30630112 20.73201370
40.30613327 20.73186684
40.30600786 20.73180037
40.30517471 20.73073242
40.30517197 20.73062134
40.30205917 20.72611427
40.30105782 20.72545529
40.30005646 20.72479630
40.29598618 20.72448921
40.28954061 20.72204208
40.28562218 20.71636085
40.28453999 20.71520971
40.28444672 20.71494866
40.28374863 20.71395874
40.28094864 20.71138954
40.27864456 20.70758247
40.27705765 20.70588303
40.27572250 20.70502472
40.27200743 20.70383800
40.26887512 20.70241928
40.26715088 20.70145035
40.26014710 20.70010757
40.25852585 20.70061302
40.25690460 20.70111847
40.25353622 20.70376206
40.25257874 20.70451260
40.25162125 20.70526314
40.24909814 20.71023107
40.24763107 20.71264140
40.24266268 20.71320284
40.24180985 20.71314240
40.24103776 20.71338646
40.23992729 20.71351194
40.23814034 20.71388563
40.23678970 20.71382713
40.23376846 20.71479988
40.23057938 20.71227264
40.22928810 20.71259308
40.22476390 20.71306207
40.22309876 20.71313858
40.22285843 20.71314812
40.22267370 20.71323009
40.22174542 20.71364201
40.21598307 20.71589756
40.20819130 20.71167460
40.20733509 20.71068252
40.20693588 20.70986176
40.20386505 20.70521355
40.20278549 20.70474434
40.20217944 20.70485595
40.19870377 20.70268631
40.19612122 20.70118904
40.19556046 20.70088005
40.19473183 20.70064544
40.19027837 20.69460678
40.18967438 20.68913460
40.18875885 20.68542480
40.18814469 20.68295479
40.18743134 20.68189430
40.18683737 20.68170703
40.18462889 20.67753339
40.18462753 20.67748833
40.18460083 20.67649651
40.18389130 20.67324638
40.18298721 20.67120743
40.18191147 20.67049980
40.18110275 20.67056084
40.17949677 20.67177010
40.17787552 20.67229271
40.17761139 20.67248022
40.17272568 20.67019653
40.16835404 20.66884994
40.16734696 20.66814041
40.16555273 20.66853276
40.16335106 20.66828346
40.16233826 20.66777420
40.16172733 20.66794414
40.15953653 20.66748631
40.15927124 20.66706657
40.15837479 20.66645813
40.15778351 20.66735840
40.15704242 20.66964148
40.15590159 20.67082659
40.15570631 20.67108106
40.15438080 20.67178154
40.15179825 20.67545319
40.15129852 20.67682457
40.14479675 20.68550835
40.14011921 20.68331901
40.13991547 20.68301010
40.13974762 20.68283272
40.13960648 20.68266869
40.13934708 20.68241692
40.13906479 20.68214989
40.13552856 20.67689705
40.13432312 20.67573738
40.13264847 20.67482948
40.13167800 20.67471250
40.12399101 20.67096710
40.12273026 20.66975784
40.11862946 20.66765022
40.11390559 20.66946793
40.11328719 20.66959724
40.11200714 20.66900635
40.10934712 20.67042113
40.10801315 20.67070007
40.10078430 20.67115593
40.09811020 20.66939736
40.09780616 20.66930360
40.09575243 20.66802623
40.09364949 20.66319720
40.09365845 20.66309738
40.09354782 20.66262055
40.09348679 20.66238403
40.09329987 20.66187668
40.09312820 20.66155243
40.09295654 20.66125298
40.09278488 20.66091347
40.09268951 20.66076279
40.09251404 20.66057014
40.09214020 20.66012573
40.09196472 20.65996361
40.09186496 20.65989307
40.09052899 20.65757390
40.08885296 20.65177755
40.08877776 20.65143083
40.08825668 20.64548687
40.08828735 20.64517021
40.08839035 20.64436531
40.08838654 20.64393616
40.08839417 20.64331055
40.08844376 20.64283371
40.08844376 20.64228249
40.08839798 20.64161301
40.08839417 20.64116669
40.08844757 20.64076424
40.08855820 20.64028740
40.08867645 20.63997650
40.08880997 20.63966370
40.08894730 20.63942528
40.08905792 20.63923073
40.08905792 20.63893318
40.08907699 20.63826370
40.08905029 20.63798142
40.08886337 20.63769722
40.08861542 20.63722420
40.08852005 20.63716507
40.08826828 20.63709068
40.08803650 20.63699943
40.08733527 20.63381413
40.08735657 20.63359833
40.08730316 20.63303185
40.08716193 20.63244393
40.08724255 20.62846399
40.08726883 20.62821198
40.08735657 20.62782478
40.08745956 20.62730217
40.08757401 20.62685585
40.08763123 20.62642479
40.08769989 20.62565041
40.08768845 20.62468338
40.08769226 20.62410355
40.08761597 20.62331581
40.08747864 20.62273598
40.08728790 20.62196160
40.08705139 20.62129402
40.08689499 20.62083435
40.08673477 20.62040329
40.08628082 20.61994362
40.08604431 20.61981010
40.08566666 20.61960411
40.08531570 20.61956024
40.08517955 20.61955759
40.08314101 20.61598776
40.08312988 20.61588669
40.08308029 20.61574554
40.08259583 20.61432648
40.08213806 20.61386681
40.08049011 20.61346817
40.08029187 20.61353467
40.07767885 20.61154730
40.07457650 20.60615687
40.07340489 20.60453011
40.07336044 20.60440445
40.07311249 20.60394287
40.07280350 20.60348320
40.07240295 20.60300827
40.07222366 20.60281563
40.07198334 20.60253525
40.07190607 20.60244902
40.07053971 20.60055184
40.06860575 20.59410119
40.06859413 20.59399006
40.06862259 20.59392166
40.06870651 20.59371185
40.06876373 20.59358025
40.06884003 20.59341431
40.06891632 20.59326553
40.06900024 20.59305763
40.06904221 20.59287834
40.06908798 20.59265518
40.06916428 20.59246063
40.06920242 20.59219360
40.06924820 20.59193993
40.06932831 20.59162712
40.06932068 20.59134483
40.06918335 20.59103394
40.06908035 20.59082603
40.06907654 20.59075165
40.06888580 20.59041023
40.06881333 20.59027672
40.06872559 20.59017372
40.06863403 20.59004021
40.06855774 20.58990669
40.06847000 20.58975601
40.06830215 20.58953476
40.06821823 20.58943176
40.06814194 20.58931160
40.06809576 20.58922272
40.06799696 20.58827758
40.06801987 20.58810806
40.06802368 20.58794403
40.06802368 20.58767700
40.06798553 20.58734894
40.06798935 20.58718681
40.06799316 20.58694839
40.06793976 20.58663559
40.06789398 20.58638382
40.06781769 20.58614540
40.06774902 20.58601189
40.06764221 20.58579064
40.06760407 20.58565521
40.06749344 20.58534431
40.06739807 20.58515167
40.06735422 20.58501463
40.06625599 20.58038192
40.06607317 20.57972079
40.06610489 20.57941628
40.06613159 20.57911873
40.06613922 20.57876206
40.06610489 20.57852173
40.06607056 20.57822609
40.06605911 20.57795906
40.06603241 20.57761574
40.06583786 20.57705116
40.06581497 20.57699204
40.06570816 20.57672501
40.06558228 20.57636833
40.06549835 20.57625008
40.06529236 20.57598496
40.06494522 20.57556915
40.06491507 20.57553290
40.06488746 20.57543305
40.06347923 20.57067490
40.06335675 20.56933596
40.06334686 20.56904793
40.06327057 20.56827354
40.06322456 20.56789080
40.06317184 20.56731450
40.06317078 20.56730293
40.06289207 20.56425606
40.06283436 20.56178521
40.06286621 20.56161308
40.06293488 20.56086922
40.06298065 20.56039238
40.06297302 20.56003571
40.06292725 20.55973816
40.06279373 20.55921936
40.06277221 20.55912454
40.06276842 20.55896204
40.06274071 20.55743505
40.06288529 20.55712128
40.06308365 20.55652618
40.06324005 20.55606270
40.06322098 20.55570603
40.06307220 20.55529022
40.06304169 20.55509758
40.06294632 20.55468178
40.06275558 20.55423737
40.06266403 20.55399895
40.06255341 20.55359840
40.06246185 20.55321121
40.06237030 20.55283928
40.06223297 20.55251312
40.06202316 20.55181694
40.06184769 20.55134201
40.06171417 20.55071640
40.06157684 20.55013847
40.06149674 20.54984093
40.06140518 20.54951477
40.06133652 20.54926109
40.06129074 20.54897881
40.06126022 20.54869652
40.06075287 20.54924202
40.06061050 20.54941221
40.05754700 20.54255981
40.05950214 20.53857237
40.06029511 20.53735924
40.06056786 20.53639889
40.06369019 20.53212547
40.06605148 20.52638435
40.06930542 20.52139092
40.07186699 20.51480770
40.07255936 20.51360703
40.07274841 20.51262745
40.07548866 20.50584927
40.07542672 20.50577787
40.07670975 20.50466347
40.07654190 20.50400353
40.07309341 20.50048638
40.07209778 20.50021744
40.07091705 20.50057932
40.07081757 20.50046463
40.06696510 20.49570084
40.06579971 20.49087143
40.06211567 20.48713835
40.06208272 20.47996896
40.06419309 20.47260036
40.06804631 20.46584930
40.06975973 20.46392115
40.06983566 20.46387100
40.06999588 20.46382713
40.07025528 20.46373749
40.07053375 20.46364784
40.07076263 20.46352768
40.07103729 20.46337891
40.07119751 20.46328926
40.07148743 20.46309662
40.07167053 20.46294785
40.07188034 20.46273994
40.07202911 20.46253014
40.07215500 20.46224785
40.07223129 20.46203804
40.07233048 20.46179962
40.07239533 20.46150398
40.07240295 20.46118927
40.07239914 20.46083260
40.07241058 20.46060944
40.07241440 20.46036911
40.07239533 20.46008873
40.07237625 20.45980453
40.07231140 20.45946121
40.07228851 20.45919228
40.07226944 20.45889473
40.07218552 20.45855332
40.07228851 20.45801544
40.07227326 20.45759964
40.07225418 20.45722580
40.07219696 20.45689964
40.07216263 20.45658493
40.07214355 20.45633316
40.07212067 20.45587158
40.07212067 20.45555878
40.07212830 20.45518685
40.07212067 20.45493126
40.07212830 20.45462036
40.07212830 20.45427704
40.07212648 20.45407159
40.07212448 20.45384598
40.07210922 20.45342827
40.07208252 20.45308495
40.07206726 20.45284653
40.07202530 20.45245934
40.07200623 20.45232582
40.07199860 20.45229149
40.07074811 20.45269903
40.06845780 20.44660509
40.06844711 20.44636536
40.06814575 20.44431114
40.06776428 20.44172668
40.06445313 20.43413734
40.06146240 20.42622757
40.06142044 20.42612076
40.06103516 20.42507935
40.06089783 20.42488861
40.05994738 20.42356342
40.05672328 20.41695722
40.05668476 20.41687210
40.05621719 20.41537285
40.05577087 20.41188431
40.05544281 20.41131401
40.05430145 20.41160559
40.05429077 20.41158199
40.04907417 20.40751839
40.04606980 20.40402168
40.04470825 20.40223122
40.04417992 20.40182209
40.04365158 20.40141297
40.03796005 20.40254784
40.03356425 20.40634155
40.03241283 20.40559098
40.03121948 20.40382385
40.02994537 20.40278435
40.02800369 20.40302658
40.02790532 20.40307830
40.02315903 20.40189934
40.01901817 20.39955330
40.01835251 20.39847374
40.01515198 20.39615631
40.01218033 20.39114761
40.01092529 20.39019966
40.00885773 20.38954163
40.00579834 20.38937378
40.00435829 20.39012845
39.99820328 20.38928032
39.99721527 20.38861084
39.99261475 20.38788033
39.99230766 20.38783169
39.98918883 20.38271835
39.98934174 20.38212585
39.98854065 20.38014793
39.98761749 20.37522316
39.98691940 20.37149620
39.98621369 20.37054825
39.98580936 20.37024501
39.98326111 20.36757994
39.98365784 20.34881783
39.98480225 20.32782078
39.98538017 20.32269001
39.98561859 20.32165527
39.98517990 20.31252670
39.98514557 20.31187057
39.98514396 20.31183655
39.98514303 20.31179365
39.98487146 20.30602237
39.98467408 20.30604082
39.98439407 20.30514336
39.98041916 20.30643845
39.97501373 20.30923271
39.97069168 20.31076622
39.96831512 20.31230736
39.96711349 20.31384850
39.96649933 20.31748963
39.96628380 20.31793976
39.96283324 20.31955582
39.96139526 20.32007408
39.96019745 20.32079029
39.95899963 20.32150650
39.95505142 20.32765007
39.94700241 20.33432770
39.94398117 20.33498955
39.94281769 20.33594132
39.94268785 20.33604755
39.93828774 20.33781433
39.93278885 20.33442879
39.92555873 20.33228302
39.92473984 20.33203888
39.91879654 20.33027077
39.91823769 20.33031559
39.91767883 20.33036041
39.91354370 20.33486557
39.91280174 20.33596039
39.91205979 20.33705521
39.91093445 20.34065819
39.90831375 20.34461021
39.90722275 20.35021146
39.90692971 20.35068519
39.90624237 20.35099220
39.90543747 20.35245323
39.90395355 20.35398483
39.90390442 20.35514018
39.89852372 20.35734302
39.89781570 20.35741997
39.89662361 20.35812092
39.89543152 20.35882187
39.88986588 20.36411667
39.88627243 20.36524963
39.88597107 20.36640930
39.88627251 20.36716187
39.88522720 20.37220955
39.88335609 20.37686348
39.87738800 20.37558556
39.87536621 20.37509918
39.87026596 20.37886429
39.86555122 20.38041879
39.86473084 20.38044930
39.86394119 20.38085938
39.85877991 20.38486481
39.84635544 20.39653587
39.84297943 20.39882851
39.84056473 20.40102959
39.83985901 20.40192032
39.83770371 20.40464210
39.83528519 20.40877533
39.82999010 20.40632885
39.82851791 20.40444946
39.82784271 20.40454483
39.82558823 20.40486336
39.82530594 20.40512657
39.82361076 20.40672614
39.82102712 20.40730985
39.82068659 20.40723618
39.81961441 20.40630722
39.81714221 20.40646936
39.81591670 20.40620422
39.81454849 20.40567207
39.81300036 20.40621443
39.80973943 20.40622584
39.79911614 20.39810944
39.79812823 20.39677133
39.79709625 20.39396477
39.79550171 20.39243507
39.79462620 20.39204849
39.78987503 20.38664055
39.78715134 20.38454247
39.78665924 20.38443375
39.78586200 20.38425600
39.78539666 20.38415274
39.78528825 20.38409251
39.78275474 20.37898427
39.78252000 20.37699500
39.78204800 20.37666000
39.78135928 20.37617064
39.78117244 20.37579391
39.78020316 20.36791197
39.78335381 20.36143875
39.78974217 20.35253184
39.79428753 20.34842241
39.79446400 20.34828900
39.79460100 20.34818500
39.79835500 20.34132000
39.79977800 20.33684900
39.79986700 20.33628300
39.80097600 20.32921800
39.80306850 20.32182501
39.80382200 20.32033300
39.80460000 20.31808300
39.80474100 20.31768200
39.80485200 20.31733300
39.80484400 20.31712300
39.80483600 20.31703000
39.80481300 20.31674400
39.80481024 20.31670824
39.80580170 20.30723470
39.80609000 20.30700000
39.80677800 20.30644000
39.80709400 20.30597200
39.80760200 20.30522000
39.80789900 20.30454000
39.80857800 20.30298800
39.80881400 20.30245100
39.80896400 20.30210900
39.80905248 20.30190836
39.80905664 20.30189894
39.80930400 20.30133800
39.80961600 20.30063200
39.81025400 20.29919200
39.81116900 20.29712700
39.81097644 20.29680428
39.81095300 20.29676500
39.81066100 20.29627600
39.81043700 20.29620000
39.80952500 20.29588900
39.80855100 20.29554600
39.80803825 20.29536522
39.80519860 20.29225570
39.80508800 20.29206700
39.80493800 20.29182500
39.80486700 20.29171000
39.80480000 20.29160600
39.80477700 20.29156989
39.80296886 20.28777654
39.80276500 20.28709200
39.80086000 20.28429000
39.79985000 20.28280400
39.79973000 20.28272800
39.79955300 20.28261600
39.79632200 20.28339800
39.79556600 20.28378300
39.79517726 20.28398144
39.79484900 20.28414900
39.79460900 20.28438900
39.79019500 20.28861200
39.78924761 20.28992528
39.78584085 20.29292635
39.78553400 20.29316700
39.78526268 20.29349348
39.78104269 20.29763290
39.77523422 20.29974079
39.77041626 20.29685021
39.76732946 20.29278333
39.76669700 20.29178200
39.76598087 20.29097342
39.76484825 20.28940553
39.76373300 20.28723500
39.76248300 20.28584000
39.76203900 20.28534500
39.76081100 20.28490600
39.75701800 20.28580100
39.75693900 20.28582000
39.75439700 20.28789100
39.74991200 20.29154600
39.74958012 20.29233972
39.74584451 20.29775935
39.74247751 20.29888972
39.73967400 20.29873500
39.73848400 20.29942600
39.73831200 20.29952600
39.73660700 20.30174800
39.73463720 20.30550862
39.72931529 20.31399914
39.72320907 20.31250288
39.72320100 20.31224300
39.72319800 20.31213400
39.72321700 20.31191100
39.72321300 20.31174900
39.72322400 20.31167100
39.72324400 20.31152500
39.72323800 20.31135900
39.72323600 20.31131900
39.72323800 20.31123000
39.72324000 20.31112700
39.72324000 20.31091900
39.72320600 20.31066700
39.72318500 20.31061300
39.72316700 20.31056400
39.72312900 20.31053300
39.72305700 20.31047400
39.72295600 20.31042900
39.72286200 20.31038700
39.72271000 20.31038700
39.72256500 20.31038900
39.72224000 20.31028600
39.72187346 20.31009532
39.72031955 20.30693697
39.72023000 20.30474300
39.71892862 20.30410986
39.71884217 20.30393416
39.71156928 20.29644960
39.71112242 20.29354627
39.71114000 20.29327200
39.71121600 20.29282800
39.71122000 20.29239700
39.71121600 20.29223300
39.71121400 20.29222100
39.71120100 20.29211400
39.71116300 20.29177500
39.71113600 20.29146200
39.71111700 20.29118200
39.71109400 20.29108000
39.71106500 20.29095100
39.71106000 20.29091800
39.71102100 20.29062500
39.71100600 20.29051600
39.71088400 20.29008500
39.71083500 20.28993900
39.71078500 20.28978900
39.71074400 20.28971500
39.71067000 20.28958300
39.71051000 20.28928800
39.71041632 20.28910415
39.70985949 20.28744489
39.70983100 20.28730200
39.70982000 20.28727000
39.70980500 20.28723000
39.70976300 20.28704400
39.70975100 20.28699100
39.70974000 20.28695300
39.70969800 20.28680000
39.70966600 20.28660900
39.70962100 20.28634100
39.70958700 20.28614600
39.70943800 20.28539300
39.70941900 20.28525000
39.70939300 20.28505100
39.70938300 20.28494700
39.70937700 20.28488900
39.70933800 20.28471300
39.70930500 20.28456300
39.70920600 20.28428100
39.70919800 20.28422300
39.70919400 20.28419300
39.70908700 20.28395700
39.70902600 20.28377900
39.70880500 20.28312700
39.70871700 20.28290600
39.70869800 20.28287500
39.70867700 20.28278800
39.70864900 20.28266700
39.70861000 20.28261400
39.70855300 20.28253600
39.70842700 20.28235600
39.70823700 20.28222700
39.70811700 20.28213900
39.70803500 20.28207800
39.70797300 20.28205900
39.70779000 20.28200500
39.70774376 20.28200500
39.70675900 20.28041267
39.70636000 20.27838100
39.70601300 20.27752700
39.70561200 20.27654300
39.70441163 20.27623710
39.70387623 20.27610066
39.70133577 20.27399704
39.70037100 20.27292600
39.69945900 20.27243100
39.69842100 20.27186800
39.69819021 20.27184125
39.69433351 20.27005548
39.69076665 20.26483866
39.69009996 20.26205570
39.68995700 20.26061400
39.68933900 20.25972400
39.68366600 20.25808000
39.68256342 20.25812288
39.68046442 20.25766975
39.67825300 20.25691200
39.67718000 20.25694600
39.67712042 20.25694785
39.67592200 20.25698500
39.67471453 20.25734190
39.67232895 20.25773335
39.66731996 20.25694852
39.66805124 20.25230895
39.66894500 20.25165900
39.66905600 20.25106000
39.66912100 20.25071800
39.66961700 20.24809800
39.67311183 20.24400286
39.67385900 20.24368000
39.67524000 20.24308400
39.67509849 20.24155182
39.67517068 20.24140984
39.67545900 20.24101300
39.67607100 20.24017300
39.67618160 20.23942147
39.67715800 20.23750100
39.67836000 20.23411200
39.67841445 20.23280897
39.67884246 20.22969013
39.67926400 20.22776800
39.67931700 20.22752800
39.67946000 20.22687400
39.67949300 20.22672100
39.67949400 20.22667000
39.67950400 20.22629900
39.67952500 20.22559900
39.67953900 20.22513000
39.67948200 20.22489000
39.67945500 20.22479100
39.67934500 20.22434800
39.67926400 20.22402000
39.67889000 20.22373600
39.67640300 20.22185100
39.67540400 20.22199200
39.67459227 20.22274887
39.67393886 20.22234384
39.66744777 20.21910606
39.66710500 20.21842700
39.66661100 20.21744900
39.66633500 20.21651700
39.66597700 20.21530900
39.66552500 20.21479900
39.66523400 20.21447200
39.66480062 20.21412090
39.66704941 20.20577812
39.67455099 20.19433397
39.66763512 20.19336299
39.66003037 20.19096375
39.65350342 20.18890381
39.65099972 20.18226040
39.65069600 20.17071500
39.65191700 20.16510000
39.65395206 20.15574439
39.65508198 20.15054987
39.65509000 20.15051300
39.65538900 20.14364800
39.65569954 20.13650863
39.65570100 20.13647500
39.65704141 20.12786579
39.65728800 20.12628200
39.65948000 20.12147000
39.66051173 20.11920438
39.66229248 20.11529541
39.66715749 20.10788790
39.67215069 20.10075336
39.67291300 20.09967000
39.67889400 20.08972200
39.67927007 20.08817667
39.67958100 20.08689900
39.67960399 20.08685533
39.67965100 20.08676600
39.67975200 20.08657600
39.67976000 20.08635500
39.67976308 20.08618809
39.68056900 20.08280801
39.68170200 20.07812700
39.68609600 20.06787100
39.69171100 20.05407500
40.51324957 19.27203465
40.51014623 19.27601849
40.50524026 19.27804200
40.50241369 19.28189131
40.50140644 19.28635585
40.49963677 19.29048777
40.49513948 19.29281491
40.48746607 19.29206559
40.48144425 19.28871555
40.47496159 19.28800468
40.47443902 19.28093013
40.47985661 19.27754197
40.48476967 19.27558752
40.49046274 19.27274721
40.49574395 19.26685879
40.50216605 19.26415966
40.50742868 19.26430709
40.51278517 19.26642367
40.51324957 19.27203465
41.76507233 19.57480017
41.76723733 19.58180400
41.76694323 19.58781223
41.76269113 19.59068484
41.76008838 19.58639563
41.76044784 19.57947164
41.76507233 19.57480017
41.77673788 19.60584525
41.77319881 19.60308057
41.78274883 19.60341529
41.78075771 19.60809548
41.77673788 19.60584525