40.90770722 20.96727371
40.91047287 20.96482086
40.91162109 20.96380997
40.91644669 20.95716000
40.91801071 20.94954300
40.91927338 20.94240189
40.92076492 20.93347931
40.91981125 20.92831993
40.91774750 20.92262268
40.91706085 20.92072105
40.91618729 20.91819382
40.91457367 20.91347313
40.91422272 20.91244316
40.91387176 20.91141319
40.91479111 20.90309715
40.91519165 20.89945221
40.91558457 20.89767838
40.91597748 20.89590454
40.91678619 20.89226913
40.91869354 20.88751411
40.91948319 20.88554573
40.92395401 20.87264729
40.92461777 20.86681652
40.92332840 20.86134338
40.92165756 20.85538292
40.91955566 20.84771538
40.91598129 20.84326744
40.91548348 20.84256268
40.91164398 20.83716011
40.90618515 20.82897377
40.90311684 20.81894600
40.90336927 20.81374264
40.90325928 20.80747414
40.90093613 20.78806686
40.89993477 20.77079391
40.89992523 20.77063560
40.90162659 20.75823212
40.90305328 20.75254631
40.90326691 20.75169182
40.90755844 20.74218750
40.91022110 20.73974037
40.91037369 20.73960114
40.91064584 20.73935190
40.91073946 20.73926617
40.91213989 20.73798370
40.92239761 20.73422432
40.93142700 20.73006630
40.94760895 20.72408295
40.96651840 20.71671677
40.99014664 20.70724678
41.01073074 20.70075989
41.01544571 20.69888496
41.03081894 20.69273186
41.05173492 20.68514443
41.06625366 20.67824173
41.07404328 20.67366409
41.07946396 20.66987038
41.08140183 20.66166878
41.08314896 20.64845848
41.08419037 20.64058495
41.08525340 20.63436381
41.08534622 20.63381958
41.08898544 20.61234856
41.09032440 20.60679626
41.09182358 20.60058403
41.09189606 20.60030365
41.09270859 20.59953690
41.09357357 20.59871851
41.09408951 20.59823036
41.09571457 20.59669113
41.10614777 20.58914185
41.11335754 20.58833694
41.11456108 20.58821011
41.11576462 20.58808327
41.12075424 20.59073067
41.12205315 20.59218979
41.12335205 20.59364891
41.12596893 20.59732628
41.12641716 20.59795570
41.13320923 20.59682083
41.14885712 20.58869743
41.16043472 20.57995605
41.16966248 20.57252884
41.17970657 20.56501961
41.18680573 20.56132889
41.19208527 20.55631352
41.19196701 20.55432892
41.19171143 20.54980850
41.19452286 20.54308510
41.19914246 20.53936195
41.20090866 20.53869057
41.20701981 20.53636551
41.21791840 20.52980423
41.22808075 20.52440643
41.22974269 20.52403323
41.23848470 20.52204832
41.24397564 20.51884008
41.25193214 20.52111721
41.25255585 20.52041817
41.25659561 20.51588249
41.26574326 20.51278496
41.26608276 20.51268387
41.26694489 20.51288414
41.27611160 20.51505661
41.27686056 20.51523590
41.28483955 20.51327244
41.29037857 20.51120377
41.29878616 20.50796700
41.30675125 20.50493050
41.30834198 20.50442886
41.31482887 20.50062275
41.32258225 20.49995613
41.32793427 20.49507141
41.32946968 20.49504566
41.33100510 20.49501991
41.33921051 20.49488258
41.33928490 20.49493313
41.33935929 20.49498367
41.34594345 20.49947739
41.34603691 20.50107288
41.34613037 20.50266838
41.34339523 20.50574303
41.34211922 20.50717831
41.33950043 20.51303482
41.33913422 20.52057457
41.34180641 20.52553845
41.35193440 20.53157995
41.35351944 20.53182411
41.35761812 20.53797213
41.35942696 20.54000644
41.35945621 20.54001709
41.36789703 20.54305267
41.37055206 20.54704094
41.37625885 20.54957581
41.38214874 20.55217171
41.38807861 20.55358382
41.38809204 20.55358696
41.39052963 20.55416489
41.39441300 20.55510139
41.40342331 20.55731583
41.40435817 20.55837462
41.40443039 20.55845642
41.40498352 20.55908394
41.40640456 20.56068323
41.40715790 20.56153107
41.40787888 20.56234646
41.41402054 20.55934525
41.42147446 20.54887962
41.42509079 20.54618645
41.43036652 20.54169178
41.43195724 20.53448391
41.43568039 20.53013611
41.43776703 20.52455330
41.44205475 20.51548958
41.45548630 20.51077843
41.47292709 20.50560379
41.48224640 20.50115776
41.48346901 20.50057602
41.48469162 20.49999428
41.48831177 20.50709152
41.49394226 20.50646591
41.49689865 20.50185394
41.49570847 20.49553490
41.49808884 20.48132134
41.50277329 20.47558785
41.50400664 20.47407854
41.50473404 20.47318840
41.50485230 20.47304535
41.50504684 20.47302246
41.51206207 20.47222900
41.51486969 20.46468544
41.51622772 20.46103477
41.51804352 20.45991707
41.51954270 20.45899582
41.52479172 20.45576668
41.52525521 20.45623207
41.52876663 20.45974350
41.53251267 20.46348190
41.54377365 20.46794129
41.54997253 20.47039795
41.55155182 20.47104073
41.55209181 20.47147000
41.55382156 20.47284508
41.55744171 20.47571182
41.55666351 20.48975372
41.56149673 20.50318146
41.56571579 20.51988792
41.56875992 20.53268909
41.57704926 20.54763031
41.58074951 20.55387115
41.58276367 20.55726624
41.58346026 20.55844380
41.58359400 20.55866941
41.59222412 20.55882835
41.61120606 20.55241394
41.62817001 20.53991890
41.63436719 20.53410525
41.63621521 20.52892113
41.64235723 20.52876320
41.64326477 20.52848435
41.64403152 20.52869415
41.64429474 20.52876282
41.64873505 20.52992058
41.65405655 20.52880669
41.66150856 20.52489948
41.66297150 20.52371788
41.66769409 20.52522469
41.67308807 20.52565002
41.67933273 20.52700424
41.68680954 20.52975845
41.69396591 20.52975273
41.69520823 20.52975273
41.70438767 20.52778435
41.71260834 20.52377892
41.71860504 20.52105141
41.72454643 20.51817703
41.73051262 20.51876259
41.73153687 20.51857185
41.73663330 20.51895714
41.74235916 20.51940346
41.75183106 20.52348518
41.75896327 20.52984683
41.76781273 20.53447819
41.77404213 20.53565311
41.77487183 20.53580666
41.78008652 20.54217529
41.78017616 20.54228401
41.78026581 20.54239273
41.78209686 20.54735184
41.78281194 20.54928098
41.78313828 20.55016136
41.78392029 20.55227089
41.78582764 20.56491089
41.78654480 20.56958580
41.78680611 20.57129288
41.79560089 20.57410240
41.80235672 20.57128620
41.80344009 20.57013512
41.80793762 20.56809235
41.81466293 20.56478691
41.82487106 20.56157875
41.83224487 20.56227112
41.83970738 20.56261015
41.84943581 20.56284332
41.85033417 20.56284714
41.85742188 20.56326103
41.85808182 20.56330013
41.85874176 20.56333923
41.85927804 20.56337150
41.86348127 20.56362225
41.86353683 20.56362534
41.86538315 20.56373405
41.86942291 20.56688118
41.87152100 20.57255745
41.87307739 20.57676888
41.87347221 20.57814407
41.87597275 20.58674812
41.87853623 20.59109688
41.85758972 20.61437416
41.84825516 20.62786102
41.85136795 20.63927460
41.86692810 20.65794945
41.86692810 20.67247581
41.85758972 20.67973900
41.85240173 20.69633865
41.85551453 20.71709061
41.86168289 20.73250961
41.86515045 20.74118233
41.86589050 20.74302864
41.87834168 20.74510384
41.88740158 20.75375176
41.89483261 20.74307442
41.91628265 20.76347542
41.91655731 20.76373863
41.92509460 20.74820137
41.93963623 20.75439072
41.94350052 20.75461197
41.95214462 20.75510979
41.96360016 20.74659538
41.97546768 20.73597908
41.98985672 20.73320961
42.00316239 20.73961067
42.01557541 20.73839378
42.02381897 20.73895836
42.03247452 20.74811554
42.07248306 20.79044342
42.09208298 20.82322311
42.08993530 20.85849571
42.09162903 20.87659645
42.10447312 20.89022636
42.11750412 20.90078735
42.12546921 20.91461563
42.12753296 20.93446159
42.12937546 20.95900726
42.13168717 20.97238159
42.13272095 20.97834778
42.14441681 20.98809814
42.14924240 21.01561356
42.16147995 21.03706169
42.16200638 21.03802109
42.17272186 21.05754280
42.18295288 21.06746483
42.19066620 21.08035088
42.19203949 21.08330345
42.19702911 21.09404945
42.19607925 21.11929512
42.18754959 21.13326836
42.18531036 21.14687538
42.17458725 21.15626526
42.17018890 21.16750908
42.15403748 21.16573715
42.14965057 21.18051148
42.14196396 21.19380569
42.12714004 21.20812988
42.10797882 21.22252846
42.10052109 21.22756958
42.08335114 21.23917770
42.08339310 21.24123001
42.08369827 21.25652313
42.08969879 21.27425003
42.09863281 21.29044914
42.09621811 21.30365944
42.09825134 21.30212975
42.09509277 21.30979729
42.09383774 21.31151581
42.09702683 21.31343079
42.11236191 21.30192947
42.12156296 21.29962731
42.13536835 21.30959702
42.15453720 21.32033157
42.16343689 21.32135773
42.17330170 21.33798218
42.18266678 21.35917473
42.19384384 21.37492752
42.20450592 21.38380241
42.21759033 21.38775825
42.21906281 21.38802147
42.22201538 21.38854980
42.22201538 21.40697861
42.21818161 21.41617966
42.21664810 21.42384720
42.21741486 21.43611717
42.22201538 21.44071770
42.22431564 21.45758629
42.21971512 21.46985626
42.21926880 21.48010445
42.22751999 21.47785568
42.24296570 21.47855759
42.26021576 21.47698593
42.26030350 21.48130417
42.26053619 21.49257088
42.25277710 21.51192474
42.24331665 21.52426720
42.23899841 21.53490448
42.24042130 21.54790878
42.24272156 21.56249428
42.24836350 21.57827950
42.24888992 21.59096909
42.24752045 21.59392166
42.24289322 21.60389710
42.23984528 21.61882591
42.24174118 21.63296890
42.24108124 21.64907265
42.23584366 21.66642189
42.23012924 21.67884827
42.22761536 21.68431282
42.22952652 21.70070267
42.23507691 21.71454048
42.24407578 21.72321320
42.24852753 21.73538971
42.24728394 21.74841309
42.24733353 21.74951744
42.24829483 21.77026176
42.25115585 21.79244614
42.26602936 21.79588509
42.28002548 21.79546928
42.28831101 21.79717636
42.29649353 21.80750275
42.30770111 21.82405853
42.30855179 21.84202957
42.30839539 21.84218788
42.27927399 21.87221146
42.32017517 21.94200134
42.32038498 21.94235611
42.30469513 21.97390747
42.30422211 21.99462318
42.28594589 22.02008438
42.28596115 22.03839111
42.28783035 22.04572678
42.29624176 22.07877159
42.30008316 22.10079575
42.30354691 22.12065697
42.30599594 22.13761902
42.31034851 22.15690231
42.32752609 22.17801094
42.32732392 22.19497681
42.33058929 22.21708488
42.33470535 22.23855782
42.33859253 22.25318527
42.33791733 22.27336311
42.33787155 22.27479172
42.32733917 22.29277229
42.31539154 22.30603790
42.30675125 22.31957436
42.29933167 22.33868599
42.30381775 22.34503365
42.30409622 22.34573746
42.30391693 22.34589958
42.30384827 22.34605026
42.30371857 22.34622955
42.30356216 22.34646034
42.30341339 22.34669113
42.30331421 22.34687996
42.30315399 22.34712029
42.30294800 22.34737968
42.30283737 22.34762955
42.30266190 22.34797669
42.30252075 22.34820938
42.30233765 22.34857369
42.30214310 22.34886360
42.30200958 22.34919930
42.30185318 22.34947777
42.30182648 22.34972191
42.30165482 22.35018539
42.30163574 22.35046768
42.30151367 22.35081482
42.30138016 22.35123062
42.30121994 22.35173225
42.30102539 22.35221481
42.30080032 22.35263825
42.30057526 22.35303307
42.30047607 22.35338211
42.30041504 22.35364151
42.30038452 22.35380554
42.30038834 22.35398293
42.30040741 22.35412788
42.30048371 22.35428429
42.30052567 22.35450935
42.30058670 22.35477257
42.30063248 22.35506439
42.30069351 22.35534859
42.30078125 22.35563278
42.30084229 22.35587692
42.30084610 22.35634232
42.30079651 22.35658455
42.30071640 22.35693359
42.30057526 22.35714531
42.30039978 22.35735512
42.30020523 22.35758591
42.30004120 22.35775566
42.29989624 22.35795975
42.29977417 22.35814095
42.29964066 22.35840035
42.29949951 22.35869980
42.29948044 22.35899925
42.29949951 22.35922432
42.29956436 22.35948753
42.29959869 22.35980034
42.29970551 22.35999680
42.29979706 22.36026192
42.29991531 22.36063194
42.30004883 22.36091423
42.30024719 22.36116028
42.30037308 22.36145592
42.30058289 22.36187744
42.30073929 22.36219978
42.30085373 22.36244393
42.30097199 22.36289215
42.30098343 22.36313629
42.30098343 22.36337852
42.30091477 22.36361122
42.30084610 22.36394119
42.30070114 22.36424065
42.30054855 22.36451721
42.30036545 22.36475945
42.30010605 22.36488152
42.29991150 22.36503220
42.29965591 22.36523438
42.29943085 22.36549187
42.29913330 22.36574936
42.29894638 22.36596108
42.29878235 22.36623001
42.29848480 22.36644554
42.29822540 22.36660767
42.29782486 22.36664963
42.29751587 22.36676979
42.29717255 22.36683083
42.29685593 22.36691475
42.29654312 22.36704636
42.29631042 22.36726379
42.29614639 22.36756325
42.29601288 22.36780167
42.29589844 22.36801338
42.29583359 22.36836243
42.29567719 22.36870003
42.29550171 22.36898994
42.29531860 22.36922073
42.29508591 22.36943054
42.29485703 22.36967850
42.29454803 22.36989593
42.29426193 22.37015152
42.29403305 22.37027550
42.29381561 22.37038994
42.29364395 22.37045288
42.29341507 22.37048721
42.29310989 22.37074470
42.29282761 22.37087631
42.29263306 22.37103844
42.29237747 22.37129593
42.29209900 22.37155342
42.29195404 22.37175369
42.29175949 22.37209129
42.29157639 22.37231064
42.29130936 22.37249184
42.29097748 22.37261009
42.29064941 22.37283898
42.29031372 22.37305641
42.28988648 22.37321472
42.28948593 22.37334251
42.28903198 22.37348175
42.28863907 22.37353134
42.28804016 22.37352371
42.28772736 22.37349892
42.28741837 22.37347221
42.28706741 22.37346649
42.28680038 22.37351799
42.28655243 22.37352562
42.28646851 22.37363815
42.28636551 22.37379456
42.28620148 22.37414169
42.28606033 22.37438011
42.28588867 22.37473869
42.28575516 22.37514305
42.28561401 22.37568665
42.28547287 22.37604141
42.28536224 22.37659454
42.28531265 22.37701225
42.28530884 22.37747765
42.28519440 22.37796211
42.28509522 22.37830925
42.28495026 22.37870598
42.28480911 22.37909126
42.28461456 22.37959480
42.28445435 22.37997055
42.28436279 22.38022995
42.28421784 22.38058853
42.28405762 22.38097382
42.28392410 22.38134003
42.28373337 22.38181305
42.28361893 22.38221931
42.28344727 22.38264465
42.28329468 22.38310814
42.28308105 22.38356018
42.28283692 22.38394547
42.28269577 22.38437271
42.28255081 22.38467026
42.28234863 22.38511276
42.28215408 22.38542938
42.28193665 22.38570786
42.28176117 22.38587189
42.28157043 22.38612938
42.28136444 22.38624382
42.28114319 22.38619995
42.28085327 22.38599014
42.28065872 22.38582993
42.28041840 22.38543892
42.28007507 22.38516808
42.27968979 22.38502693
42.27935028 22.38485527
42.27900696 22.38474274
42.27864456 22.38459969
42.27834320 22.38444901
42.27811432 22.38430786
42.27763748 22.38415527
42.27734757 22.38397408
42.27709961 22.38392067
42.27689362 22.38381958
42.27667236 22.38373756
42.27638245 22.38370323
42.27607346 22.38372994
42.27579498 22.38378143
42.27550507 22.38383484
42.27532196 22.38395691
42.27505112 22.38414764
42.27486038 22.38436699
42.27470779 22.38462639
42.27464676 22.38497543
42.27448273 22.38529587
42.27428818 22.38551331
42.27410126 22.38571358
42.27391815 22.38592529
42.27350617 22.38610458
42.27328110 22.38622475
42.27304077 22.38625908
42.27278137 22.38631439
42.27250671 22.38634873
42.27222824 22.38639069
42.27197647 22.38650322
42.27180481 22.38666344
42.27161026 22.38692474
42.27149582 22.38714409
42.27134323 22.38740540
42.27111816 22.38768387
42.27087021 22.38794136
42.27067566 22.38814163
42.27040863 22.38827324
42.27007675 22.38839340
42.26975632 22.38848686
42.26948929 22.38855743
42.26928330 22.38862419
42.26911163 22.38870049
42.26890564 22.38884354
42.26866913 22.38899612
42.26846695 22.38919640
42.26821900 22.38945389
42.26799393 22.38977051
42.26774979 22.39013672
42.26756287 22.39043236
42.26739883 22.39069176
42.26720428 22.39107513
42.26704025 22.39142990
42.26694870 22.39178848
42.26680374 22.39209747
42.26669312 22.39239693
42.26655960 22.39273453
42.26639557 22.39299393
42.26635742 22.39310074
42.26627731 22.39323425
42.26611328 22.39335823
42.26592636 22.39345169
42.26560593 22.39348602
42.26527405 22.39353752
42.26495743 22.39358139
42.26469040 22.39365959
42.26441574 22.39373398
42.26414490 22.39384079
42.26388168 22.39393616
42.26364899 22.39410019
42.26346207 22.39432144
42.26326752 22.39459801
42.26305008 22.39493370
42.26289368 22.39524841
42.26279068 22.39553452
42.26266480 22.39581299
42.26252747 22.39604187
42.26236343 22.39636612
42.26213837 22.39666557
42.26202393 22.39686585
42.26183701 22.39704895
42.26160431 22.39716148
42.26139069 22.39723969
42.26123047 22.39732552
42.26103973 22.39730835
42.26081848 22.39734650
42.26062775 22.39738846
42.26040649 22.39741135
42.26012802 22.39745331
42.25983811 22.39756393
42.25942993 22.39764786
42.25909042 22.39779663
42.25879669 22.39799118
42.25852203 22.39827919
42.25820923 22.39853859
42.25804901 22.39877892
42.25786591 22.39903641
42.25767517 22.39933014
42.25751877 22.39960480
42.25717926 22.40008163
42.25693893 22.40037727
42.25671387 22.40063667
42.25653076 22.40089226
42.25624847 22.40127564
42.25608826 22.40162659
42.25591278 22.40192986
42.25582504 22.40217590
42.25562668 22.40253830
42.25550842 22.40288735
42.25524902 22.40321350
42.25505447 22.40344238
42.25485992 22.40365219
42.25475693 22.40384483
42.25477219 22.40399551
42.25486756 22.40415573
42.25504303 22.40433121
42.25519180 22.40460777
42.25525284 22.40507126
42.25531769 22.40564537
42.25534058 22.40615082
42.25532150 22.40660667
42.25523377 22.40713119
42.25498581 22.40739822
42.25463486 22.40749931
42.25432587 22.40754318
42.25401688 22.40742111
42.25376892 22.40737724
42.25339508 22.40728378
42.25311661 22.40724373
42.25275040 22.40730095
42.25256729 22.40738487
42.25221634 22.40748215
42.25202179 22.40764618
42.25162888 22.40776253
42.25130844 22.40780640
42.25114060 22.40780830
42.25070191 22.40792274
42.25035858 22.40782547
42.25001526 22.40783501
42.24968338 22.40775299
42.24936676 22.40768623
42.24903107 22.40756035
42.24872589 22.40760612
42.24848938 22.40768242
42.24821091 22.40778542
42.24795914 22.40779495
42.24770355 22.40782356
42.24753952 22.40784645
42.24718094 22.40786362
42.24695206 22.40796280
42.24683380 22.40819931
42.24682617 22.40841293
42.24690247 22.40863991
42.24695206 22.40894318
42.24702454 22.40930939
42.24704742 22.40965271
42.24707794 22.41002083
42.24707031 22.41048622
42.24703980 22.41097069
42.24699783 22.41128159
42.24698639 22.41159821
42.24718094 22.41195870
42.24732590 22.41240692
42.24739456 22.41282463
42.24747849 22.41335487
42.24758530 22.41373253
42.24771500 22.41432571
42.24787140 22.41468811
42.24805069 22.41513824
42.24824905 22.41564751
42.24838638 22.41608810
42.24853516 22.41653633
42.24863053 22.41688728
42.24865341 22.41711044
42.24860382 22.41737366
42.24848175 22.41756439
42.24818039 22.41771507
42.24787140 22.41771126
42.24744034 22.41780090
42.24709702 22.41782379
42.24670410 22.41788483
42.24635315 22.41793633
42.24611664 22.41807747
42.24582672 22.41831589
42.24546814 22.41862869
42.24515152 22.41896439
42.24484253 22.41928101
42.24453354 22.41963387
42.24421692 22.41994095
42.24385452 22.42028427
42.24368286 22.42052269
42.24343872 22.42096520
42.24321365 22.42136002
42.24303818 22.42167854
42.24263763 22.42173767
42.24240875 22.42173386
42.24213028 22.42174911
42.24188232 22.42172432
42.24153900 22.42167091
42.24125290 22.42166519
42.24089050 22.42161942
42.24061966 22.42159653
42.24040604 22.42157555
42.24014282 22.42155647
42.23989868 22.42155838
42.23970032 22.42154884
42.23944855 22.42152405
42.23915863 22.42155647
42.23886109 22.42153358
42.23858261 22.42156792
42.23839569 22.42158127
42.23822403 22.42169762
42.23809052 22.42185020
42.23803330 22.42202187
42.23798752 22.42229462
42.23785782 22.42262459
42.23775101 22.42286110
42.23755646 22.42310143
42.23738480 22.42317963
42.23724365 22.42321968
42.23713684 22.42321205
42.23700714 22.42318726
42.23680115 22.42322922
42.23670959 22.42327881
42.23656464 22.42346191
42.23642731 22.42371559
42.23635483 22.42392349
42.23624420 22.42422676
42.23615646 22.42447090
42.23609162 22.42468071
42.23594666 22.42490769
42.23579025 22.42510986
42.23564529 22.42532730
42.23545838 22.42559433
42.23530197 22.42582131
42.23517609 22.42604065
42.23502731 22.42638206
42.23489761 22.42675400
42.23486328 22.42703056
42.23476410 22.42756462
42.23478317 22.42785072
42.23476028 22.42820930
42.23468018 22.42844963
42.23456574 22.42864227
42.23447418 22.42880631
42.23434448 22.42898750
42.23412705 22.42919731
42.23402405 22.42943001
42.23386002 22.42956162
42.23374939 22.42985153
42.23363495 22.43000412
42.23349381 22.43022537
42.23330689 22.43054581
42.23318481 22.43072701
42.23310471 22.43096924
42.23304367 22.43115997
42.23294068 22.43135452
42.23284912 22.43155670
42.23277664 22.43169022
42.23259354 22.43186188
42.23237610 22.43198586
42.23215103 22.43218613
42.23189163 22.43230629
42.23165512 22.43237877
42.23137665 22.43247223
42.23100662 22.43246651
42.23070907 22.43246079
42.23045349 22.43239212
42.23033142 22.43234444
42.23022080 22.43229103
42.23003387 22.43220520
42.22985458 22.43215179
42.22969055 22.43203926
42.22952652 22.43190384
42.22928238 22.43176842
42.22906876 22.43164253
42.22878266 22.43145370
42.22857285 22.43132210
42.22822952 22.43112946
42.22788239 22.43091202
42.22764587 22.43076324
42.22742844 22.43066979
42.22716904 22.43057823
42.22697830 22.43054009
42.22672653 22.43057060
42.22655869 22.43068695
42.22632218 22.43089867
42.22612000 22.43109131
42.22594070 22.43121910
42.22579575 22.43137169
42.22557449 22.43157578
42.22546005 22.43167114
42.22527695 22.43188286
42.22512436 22.43215561
42.22505951 22.43236160
42.22499848 22.43257523
42.22488022 22.43275452
42.22475815 22.43290710
42.22456360 22.43309021
42.22434235 22.43323517
42.22417450 22.43333626
42.22394943 22.43341065
42.22385025 22.43345070
42.22369385 22.43349457
42.22343063 22.43355370
42.22322464 22.43362618
42.22306061 22.43363380
42.22284317 22.43372345
42.22263336 22.43385315
42.22243881 22.43404579
42.22216034 22.43425179
42.22193146 22.43452644
42.22175980 22.43466377
42.22155762 22.43498421
42.22133637 22.43517876
42.22120667 22.43541336
42.22109223 22.43555641
42.22097778 22.43573761
42.22080612 22.43590927
42.22071457 22.43612480
42.22055435 22.43625259
42.22037125 22.43642425
42.22016525 22.43665314
42.21992874 22.43691254
42.21966171 22.43708801
42.21942520 22.43720055
42.21917343 22.43739509
42.21897125 22.43754196
42.21873856 22.43770790
42.21845245 22.43784905
42.21819687 22.43796349
42.21796036 22.43807411
42.21776962 22.43818474
42.21751404 22.43831444
42.21715927 22.43848610
42.21691513 22.43853569
42.21662140 22.43860435
42.21637726 22.43866920
42.21616745 22.43866158
42.21587753 22.43869209
42.21564865 22.43870354
42.21536636 22.43872643
42.21508789 22.43878555
42.21479797 22.43875313
42.21462250 22.43880844
42.21446609 22.43886185
42.21419525 22.43891144
42.21396256 22.43901444
42.21373367 22.43908882
42.21345139 22.43917656
42.21322632 22.43926048
42.21294022 22.43936539
42.21262360 22.43942642
42.21247864 22.43947029
42.21236420 22.43958664
42.21227646 22.43978119
42.21218872 22.44011688
42.21206665 22.44037628
42.21200180 22.44065476
42.21194840 22.44094276
42.21180344 22.44126892
42.21175766 22.44155502
42.21163178 22.44175339
42.21140671 22.44178391
42.21123505 22.44178963
42.21100998 22.44173813
42.21077347 22.44164848
42.21058655 22.44161225
42.21030807 22.44160843
42.20994568 22.44158936
42.20970154 22.44150925
42.20939636 22.44148827
42.20890427 22.44153023
42.20867157 22.44156075
42.20834732 22.44169617
42.20815277 22.44192314
42.20795822 22.44214440
42.20764923 22.44250870
42.20741272 22.44280243
42.20714188 22.44300652
42.20697022 22.44312668
42.20685578 22.44328690
42.20679474 22.44349861
42.20670319 22.44373321
42.20657730 22.44407845
42.20644760 22.44422150
42.20625687 22.44423103
42.20598984 22.44414330
42.20579147 22.44400787
42.20571899 22.44391060
42.20555496 22.44393730
42.20543671 22.44398880
42.20529938 22.44404221
42.20510101 22.44415092
42.20492554 22.44437027
42.20475769 22.44462585
42.20456696 22.44491959
42.20441055 22.44515419
42.20433426 22.44525909
42.20417786 22.44549561
42.20396042 22.44561386
42.20387650 22.44573784
42.20363617 22.44587898
42.20343399 22.44609833
42.20322037 22.44630051
42.20306397 22.44650078
42.20281982 22.44673920
42.20258331 22.44694328
42.20235825 22.44725800
42.20209885 22.44755364
42.20188904 22.44773674
42.20168305 22.44796562
42.20153046 22.44820976
42.20124436 22.44856453
42.20102310 22.44888496
42.20074463 22.44919968
42.20041657 22.44939995
42.20009232 22.44955254
42.19990540 22.44960785
42.19969177 22.44964409
42.19947815 22.44971848
42.19931412 22.44976234
42.19905853 22.44983101
42.19892502 22.44983864
42.19873047 22.44990158
42.19852066 22.45002937
42.19824219 22.45006180
42.19803238 22.45014572
42.19786835 22.45018959
42.19771194 22.45023346
42.19755554 22.45030594
42.19737625 22.45040512
42.19720078 22.45045090
42.19700241 22.45055962
42.19675446 22.45068932
42.19651032 22.45076752
42.19632339 22.45089531
42.19610977 22.45097923
42.19575882 22.45107651
42.19547272 22.45116615
42.19528961 22.45124817
42.19504547 22.45129967
42.19478989 22.45141220
42.19444656 22.45155716
42.19417954 22.45169258
42.19384384 22.45176506
42.19374466 22.45179176
42.19352722 22.45174790
42.19320679 22.45169449
42.19290924 22.45161247
42.19262314 22.45144081
42.19234085 22.45138359
42.19207764 22.45134544
42.19175339 22.45119476
42.19157028 22.45120430
42.19159699 22.45137596
42.19166565 22.45163536
42.19175720 22.45202065
42.19183731 22.45241547
42.19184113 22.45295334
42.19181061 22.45348167
42.19174194 22.45378685
42.19172668 22.45405197
42.19164276 22.45447540
42.19155121 22.45486260
42.19142151 22.45526123
42.19126892 22.45557213
42.19113541 22.45598030
42.19104767 22.45664978
42.19106674 22.45713997
42.19105911 22.45755959
42.19101334 22.45801735
42.19095230 22.45847511
42.19087982 22.45904350
42.19070435 22.45956421
42.19076920 22.46007729
42.19081116 22.46046639
42.19081879 22.46109390
42.19071960 22.46181869
42.19064331 22.46226120
42.19060516 22.46286392
42.19069290 22.46313286
42.19081879 22.46325302
42.19091416 22.46342087
42.19091416 22.46368599
42.19092178 22.46394920
42.19086456 22.46423721
42.19083405 22.46458626
42.19075775 22.46491051
42.19075012 22.46513748
42.19080734 22.46548271
42.19087219 22.46587181
42.19094849 22.46615219
42.19086456 22.46644783
42.19077682 22.46677399
42.19071579 22.46702194
42.19042587 22.46751213
42.19024277 22.46783066
42.19016266 22.46807289
42.19010163 22.46826935
42.18999863 22.46842766
42.18962479 22.46930695
42.18952942 22.46962929
42.18937683 22.46997642
42.18920136 22.47033119
42.18902588 22.47053146
42.18881607 22.47084236
42.18864822 22.47106171
42.18850708 22.47131348
42.18832397 22.47166252
42.18819428 22.47203446
42.18799210 22.47238159
42.18784714 22.47275352
42.18763733 22.47318459
42.18752289 22.47363854
42.18742752 22.47395325
42.18731308 22.47443390
42.18726730 22.47485733
42.18716049 22.47518158
42.18692398 22.47559548
42.18672562 22.47601509
42.18657303 22.47637177
42.18641663 22.47669983
42.18622589 22.47699928
42.18608856 22.47724342
42.18593979 22.47763634
42.18577576 22.47797966
42.18571091 22.47838592
42.18564606 22.47863770
42.18558502 22.47888565
42.18547821 22.47916412
42.18542099 22.47952652
42.18533325 22.47991562
42.18534088 22.48036766
42.18515778 22.48068619
42.18490219 22.48100090
42.18475723 22.48135758
42.18439865 22.48172760
42.18402481 22.48195076
42.18344879 22.48238182
42.18294525 22.48280144
42.18248367 22.48316956
42.18202972 22.48336601
42.18164444 22.48360825
42.18127060 22.48368454
42.18081665 22.48397827
42.18041992 22.48393059
42.17990112 22.48405647
42.17957306 22.48400307
42.17938233 22.48384666
42.17897034 22.48345375
42.17868424 22.48316765
42.17836762 22.48282051
42.17824554 22.48266602
42.17802811 22.48241997
42.17756653 22.48224831
42.17733765 22.48213959
42.17704010 22.48203659
42.17668152 22.48189354
42.17645264 22.48186684
42.17607880 22.48194122
42.17577362 22.48196793
42.17546463 22.48207474
42.17519379 22.48218536
42.17488861 22.48216438
42.17457199 22.48223305
42.17418289 22.48226547
42.17383957 22.48229218
42.17301559 22.48257446
42.17277146 22.48271179
42.17247772 22.48282623
42.17211914 22.48298073
42.17184067 22.48313141
42.17153168 22.48328209
42.17132187 22.48342514
42.17090988 22.48366737
42.17055511 22.48381233
42.17020035 22.48410416
42.16994476 22.48434448
42.16952133 22.48476028
42.16923523 22.48511124
42.16891480 22.48536492
42.16860962 22.48544121
42.16830826 22.48553848
42.16795731 22.48569298
42.16761780 22.48579979
42.16727066 22.48587036
42.16686630 22.48594666
42.16662216 22.48609161
42.16625214 22.48607063
42.16580963 22.48614883
42.16556931 22.48620033
42.16532898 22.48626518
42.16508865 22.48628044
42.16482163 22.48629951
42.16438675 22.48628235
42.16390610 22.48636246
42.16337586 22.48631477
42.16291046 22.48626328
42.16254425 22.48619652
42.16201401 22.48636055
42.16135025 22.48632240
42.16083145 22.48656845
42.16045761 22.48659134
42.16018295 22.48673821
42.15963745 22.48694992
42.15901947 22.48711777
42.15852356 22.48740959
42.15803528 22.48782730
42.15756226 22.48824692
42.15686035 22.48885345
42.15640259 22.48918724
42.15590286 22.48960876
42.15547943 22.48998451
42.15531159 22.49027443
42.15518570 22.49047661
42.15484619 22.49105072
42.15430451 22.49170494
42.15363312 22.49213600
42.15299606 22.49261093
42.15218735 22.49326134
42.15192795 22.49358559
42.15156937 22.49404144
42.15076447 22.49461174
42.15000153 22.49548149
42.14940643 22.49603844
42.14885712 22.49663734
42.14834595 22.49723244
42.14780045 22.49796295
42.14759827 22.49680328
42.14738846 22.49633217
42.14716721 22.49557495
42.14677429 22.49471664
42.14639664 22.49421692
42.14610672 22.49345207
42.14557266 22.49278832
42.14454651 22.49240685
42.14390564 22.49303627
42.14375687 22.49318695
42.14314652 22.49383354
42.14289475 22.49421883
42.14247894 22.49487305
42.14216614 22.49558830
42.14178467 22.49630737
42.14160156 22.49666023
42.14109421 22.49720955
42.14072418 22.49779701
42.14034271 22.49847984
42.14010620 22.49909973
42.13977051 22.49968529
42.13942337 22.50040245
42.13893891 22.50121117
42.13866806 22.50174713
42.13836289 22.50242615
42.13809586 22.50296211
42.13787079 22.50358009
42.13759613 22.50403214
42.13715744 22.50466347
42.13689041 22.50520897
42.13663101 22.50553322
42.13624954 22.50586128
42.13569641 22.50605965
42.13538742 22.50613213
42.13486862 22.50632668
42.13430786 22.50666618
42.13377762 22.50694656
42.13333893 22.50710869
42.13264465 22.50753784
42.13208008 22.50791168
42.13158035 22.50834084
42.13093949 22.50885010
42.13038635 22.50918961
42.12981415 22.50974274
42.12910080 22.51105118
42.12873077 22.51216316
42.12843704 22.51319122
42.12805176 22.51404381
42.12772369 22.51502419
42.12727737 22.51578713
42.12695313 22.51686478
42.12663269 22.51766777
42.12623978 22.51870155
42.12611771 22.51905441
42.12588883 22.51950646
42.12567902 22.52000427
42.12553406 22.52041817
42.12541580 22.52089119
42.12528229 22.52134132
42.12506485 22.52223778
42.12493896 22.52275849
42.12482452 22.52343369
42.12475586 22.52422524
42.12459946 22.52477074
42.12456512 22.52548027
42.12453461 22.52600861
42.12422943 22.52708054
42.12411881 22.52788925
42.12388611 22.52851295
42.12355042 22.52910614
42.12300873 22.52979469
42.12242889 22.53039742
42.12187576 22.53073883
42.12130737 22.53116226
42.12062836 22.53172112
42.12020111 22.53218651
42.11962891 22.53270531
42.11916733 22.53312492
42.11846542 22.53377342
42.11791992 22.53447151
42.11760712 22.53519631
42.11737442 22.53582382
42.11729813 22.53635788
42.11713410 22.53712654
42.11673355 22.53763771
42.11614990 22.53783226
42.11573410 22.53807831
42.11516953 22.53845405
42.11463928 22.53892326
42.11428452 22.53930092
42.11405182 22.53974915
42.11388779 22.54029846
42.11358261 22.54105568
42.11345291 22.54151726
42.11324692 22.54219437
42.11306000 22.54269981
42.11273575 22.54302788
42.11227799 22.54335022
42.11193085 22.54341126
42.11124420 22.54370689
42.11075211 22.54390717
42.11034393 22.54409599
42.10968399 22.54443550
42.10905075 22.54482269
42.10863876 22.54505921
42.10816956 22.54544067
42.10758591 22.54554939
42.10715103 22.54619789
42.10670090 22.54696846
42.10630417 22.54814911
42.10574722 22.54920578
42.10525513 22.55016327
42.10486221 22.55116653
42.10434341 22.55222321
42.10383988 22.55269241
42.10326386 22.55329895
42.10236359 22.55446434
42.10195541 22.55514336
42.10156250 22.55555916
42.10123062 22.55607224
42.10089874 22.55662346
42.10066986 22.55717087
42.10033035 22.55758858
42.10011673 22.55809975
42.09982681 22.55851364
42.09937286 22.55943871
42.09894943 22.56031609
42.09844589 22.56118584
42.09809113 22.56205368
42.09778214 22.56290054
42.09748459 22.56365395
42.09730911 22.56457138
42.09737778 22.56545639
42.09764099 22.56643486
42.09785080 22.56732750
42.09812164 22.56835937
42.09817505 22.56944466
42.09814453 22.57028770
42.09812927 22.57070923
42.09756470 22.57126999
42.09698868 22.57192993
42.09658814 22.57248879
42.09604645 22.57304955
42.09518433 22.57351875
42.09426880 22.57412720
42.09365845 22.57464409
42.09308624 22.57543564
42.09265900 22.57567406
42.09210968 22.57581520
42.09135819 22.57580948
42.09090424 22.57594872
42.09043503 22.57659912
42.08997345 22.57725906
42.08935928 22.57790947
42.08881760 22.57865906
42.08824539 22.57917976
42.08782578 22.57950783
42.08739472 22.57978821
42.08712006 22.57996559
42.08648682 22.58034325
42.08609772 22.58062363
42.08601761 22.58123398
42.08589554 22.58245850
42.08592987 22.58357239
42.08592606 22.58447838
42.08588028 22.58565331
42.08570862 22.58640671
42.08531571 22.58701515
42.08491516 22.58771515
42.08471680 22.58837891
42.08448410 22.58884811
42.08421326 22.58960342
42.08388901 22.59025383
42.08375168 22.59037972
42.08352661 22.59058380
42.08299637 22.59110069
42.08230209 22.59227181
42.08264542 22.59331322
42.08279037 22.59374237
42.08295822 22.59424400
42.08319855 22.59511185
42.08367920 22.59615707
42.08401489 22.59706116
42.08431244 22.59768105
42.08436585 22.59814835
42.08383179 22.59956551
42.08347321 22.60084343
42.08295441 22.60216331
42.08255386 22.60367584
42.08224106 22.60484505
42.08185196 22.60626793
42.08148575 22.60791397
42.08120727 22.60923958
42.08102036 22.61029053
42.08079910 22.61095810
42.08029556 22.61146736
42.07991409 22.61156082
42.07938385 22.61192512
42.07867050 22.61258125
42.07810593 22.61318970
42.07792282 22.61351013
42.07762909 22.61403275
42.07720947 22.61435890
42.07677841 22.61478806
42.07652283 22.61510658
42.07622528 22.61590576
42.07595062 22.61680222
42.07592392 22.61761665
42.07590103 22.61832619
42.07550430 22.61888886
42.07464600 22.61977196
42.07392502 22.62066269
42.07356262 22.62136459
42.07274628 22.62192535
42.07245636 22.62243843
42.07225418 22.62324715
42.07202530 22.62399483
42.07173157 22.62457085
42.07119370 22.62503433
42.07073212 22.62546158
42.07021332 22.62575912
42.06988525 22.62594986
42.06914139 22.62645912
42.06906128 22.62652206
42.06848145 22.62697220
42.06782532 22.62766838
42.06742477 22.62870598
42.06735230 22.62975502
42.06729508 22.63031006
42.06726456 22.63060761
42.06707382 22.63103104
42.06663132 22.63134575
42.06616593 22.63144493
42.06575394 22.63128281
42.06534576 22.63117981
42.06470490 22.63092995
42.06417847 22.63091469
42.06369781 22.63113594
42.06318283 22.63193893
42.06283188 22.63320923
42.06235886 22.63434792
42.06224823 22.63529015
42.06204987 22.63633537
42.06100083 22.63783455
42.06059265 22.63872910
42.06029511 22.63939285
42.06002045 22.64043426
42.05986786 22.64095116
42.05953217 22.64175606
42.05920029 22.64237023
42.05884552 22.64307404
42.05828857 22.64382172
42.05789948 22.64438248
42.05739594 22.64498902
42.05699539 22.64559937
42.05664825 22.64674187
42.05662537 22.64746666
42.05662537 22.64754868
42.05674362 22.64816666
42.05680084 22.64846420
42.05699158 22.64918709
42.05699921 22.64986420
42.05670547 22.65051842
42.05620194 22.65117645
42.05552292 22.65197182
42.05485535 22.65289879
42.05399704 22.65359688
42.05382538 22.65362358
42.05327606 22.65371323
42.05285645 22.65373802
42.05239487 22.65420341
42.05200195 22.65461731
42.05158234 22.65505218
42.05132294 22.65546227
42.05102158 22.65640450
42.05068207 22.65735435
42.05081940 22.65861130
42.05094147 22.65908623
42.05061722 22.65956688
42.05019760 22.65968323
42.04990387 22.66035843
42.04969406 22.66153145
42.04964066 22.66230774
42.04964447 22.66317177
42.04990387 22.66390991
42.05043030 22.66450691
42.05085755 22.66519356
42.05030823 22.66622734
42.04945755 22.66701317
42.05038834 22.66811371
42.05084610 22.66885185
42.05083084 22.66943741
42.05064774 22.67024422
42.05059052 22.67048454
42.05044556 22.67091179
42.05006790 22.67171669
42.04965973 22.67303657
42.04940796 22.67418671
42.04949951 22.67553711
42.04957199 22.67655945
42.04947662 22.67742157
42.04927445 22.67823410
42.04930115 22.67948914
42.04975128 22.68037605
42.05027008 22.68097877
42.05041504 22.68185043
42.05045700 22.68254471
42.05069733 22.68335915
42.05080033 22.68428230
42.05088043 22.68506050
42.05095673 22.68583870
42.05120468 22.68663406
42.05131912 22.68769264
42.05138397 22.68875885
42.05168533 22.68998528
42.05205154 22.69092560
42.05222321 22.69170952
42.05265808 22.69275665
42.05279541 22.69364548
42.05268097 22.69482994
42.05245590 22.69623375
42.05274963 22.69731522
42.05311203 22.69831085
42.05373383 22.69902420
42.05421829 22.69948959
42.05485916 22.70059013
42.05349350 22.69998169
42.05300903 22.69940949
42.05216599 22.69920921
42.05142212 22.69920921
42.05047226 22.69923782
42.04989242 22.69948769
42.04894257 22.69947624
42.04833221 22.70049286
42.04787445 22.70103455
42.04767990 22.70169830
42.04737854 22.70258713
42.04691696 22.70327187
42.04634857 22.70390701
42.04582596 22.70430183
42.04510117 22.70477486
42.04401398 22.70575524
42.04391861 22.70665932
42.04385376 22.70750236
42.04386139 22.70857811
42.04353714 22.70912933
42.04293060 22.70969963
42.04236603 22.70967293
42.04165268 22.70946884
42.04090881 22.70931625
42.04039765 22.70939827
42.04001618 22.70965195
42.03973389 22.71006012
42.03944778 22.71056748
42.03892517 22.71105385
42.03798676 22.71165848
42.03726578 22.71167183
42.03620529 22.71209145
42.03557587 22.71253014
42.03482437 22.71305656
42.03429031 22.71350288
42.03370667 22.71375466
42.03305054 22.71433640
42.03237152 22.71524620
42.03192139 22.71643829
42.03171921 22.71741867
42.03141403 22.71871185
42.03076553 22.71961403
42.03023148 22.72075653
42.02988052 22.72203446
42.02973557 22.72295189
42.02980804 22.72395706
42.03018570 22.72484207
42.03073120 22.72553253
42.03138352 22.72656632
42.03170395 22.72746658
42.03134537 22.72825241
42.03106308 22.72887039
42.03115845 22.72956276
42.03133392 22.72994614
42.03153992 22.73050690
42.03157425 22.73085594
42.03112030 22.73112679
42.03031159 22.73183250
42.02964783 22.73268318
42.02898407 22.73377228
42.02863312 22.73482895
42.02841187 22.73583221
42.02837372 22.73704529
42.02853394 22.73816872
42.02860642 22.73946190
42.02835465 22.74042129
42.02817154 22.74132919
42.02799225 22.74189949
42.02782059 22.74277306
42.02753067 22.74342728
42.02722168 22.74435043
42.02674866 22.74557495
42.02635956 22.74684143
42.02604675 22.74827194
42.02576447 22.74940682
42.02558518 22.74993134
42.02511978 22.75024796
42.02435684 22.75022316
42.02379990 22.75136566
42.02359772 22.75259781
42.02350617 22.75396919
42.02343369 22.75466537
42.02329254 22.75544548
42.02318192 22.75605774
42.02313614 22.75688362
42.02220154 22.75686264
42.02174759 22.75756645
42.02163315 22.75826454
42.02169418 22.75947189
42.02207184 22.76045990
42.02260590 22.76160622
42.02293777 22.76216316
42.02268601 22.76286316
42.02225876 22.76356697
42.02225113 22.76487160
42.02232361 22.76572800
42.02234650 22.76698494
42.02256775 22.76797485
42.02274704 22.76883888
42.02292252 22.76965523
42.02337647 22.77015877
42.02383423 22.77053261
42.02440262 22.77094650
42.02503205 22.77157211
42.02543640 22.77204514
42.02574539 22.77254295
42.02592850 22.77305031
42.02603149 22.77356339
42.02639771 22.77390099
42.02690125 22.77409554
42.02769470 22.77414703
42.02851868 22.77433968
42.02931213 22.77451897
42.03014374 22.77461624
42.03026962 22.77466583
42.03083801 22.77489281
42.03131104 22.77535248
42.03148651 22.77564049
42.03047943 22.77600288
42.02950287 22.77651024
42.02921677 22.77665901
42.02822113 22.77735138
42.02640915 22.77888298
42.02322769 22.78177261
42.02044678 22.78411865
42.01688004 22.78714752
42.01480484 22.78914261
42.01295853 22.79091454
42.01184082 22.79213905
42.01027679 22.79390907
42.00904083 22.79546928
42.00791168 22.79715538
42.00716400 22.79883766
42.00640488 22.80031967
42.00627899 22.80081367
42.00585175 22.80245972
42.00558090 22.80405617
42.00546265 22.80532646
42.00539780 22.80631447
42.00518418 22.80731964
42.00501633 22.80918121
42.00489807 22.81084824
42.00483322 22.81192207
42.00488663 22.81276894
42.00498581 22.81409836
42.00502396 22.81562042
42.00517654 22.81687164
42.00548935 22.81838608
42.00569916 22.81931496
42.00600815 22.82003784
42.00663376 22.82095337
42.00727463 22.82198906
42.00780487 22.82276154
42.00785828 22.82284164
42.00860214 22.82354927
42.00904083 22.82413483
42.00924683 22.82518196
42.00940704 22.82576561
42.00940704 22.82617951
42.00934219 22.82690239
42.00908280 22.82724381
42.00820923 22.82766914
42.00815201 22.82774353
42.00761795 22.82841873
42.00713348 22.82882881
42.00654221 22.82950973
42.00622177 22.83051682
42.00604248 22.83190727
42.00603867 22.83284187
42.00620270 22.83370590
42.00640106 22.83475495
42.00672531 22.83554649
42.00694657 22.83633995
42.00710678 22.83698082
42.00710297 22.83745193
42.00650024 22.83793640
42.00547409 22.83850288
42.00386810 22.83887863
42.00285721 22.83924294
42.00200272 22.83939362
42.00130463 22.83947945
42.00056839 22.83943367
41.99987030 22.83925057
41.99864578 22.83888626
41.99774170 22.83864403
41.99689102 22.83840942
41.99614716 22.83796883
41.99571610 22.83771133
41.99497223 22.83700371
41.99423218 22.83628273
41.99349976 22.83551025
41.99275971 22.83473587
41.99206543 22.83396149
41.99127579 22.83318710
41.99058151 22.83241272
41.99016190 22.83209229
41.98973084 22.83198547
41.98930740 22.83199692
41.98893356 22.83212662
41.98844910 22.83239937
41.98791885 22.83281898
41.98780441 22.83361626
41.98742676 22.83448792
41.98709488 22.83582688
41.98699188 22.83655930
41.98690796 22.83681869
41.98671341 22.83742714
41.98617554 22.83870888
41.98568726 22.83971787
41.98509216 22.84065819
41.98439789 22.84154892
41.98400116 22.84214973
41.98372269 22.84287834
41.98323822 22.84371376
41.98300934 22.84444237
41.98289490 22.84539986
41.98285675 22.84602165
41.98279190 22.84682083
41.98252869 22.84722519
41.98178101 22.84729767
41.98115540 22.84731484
41.98025131 22.84722137
41.97975540 22.84708786
41.97966385 22.84706306
41.97917175 22.84679222
41.97870636 22.84640694
41.97805023 22.84604073
41.97745895 22.84593391
41.97697067 22.84628487
41.97657394 22.84668732
41.97613525 22.84697914
41.97569656 22.84721565
41.97510910 22.84707260
41.97435379 22.84724999
41.97377014 22.84710503
41.97300720 22.84700394
41.97224808 22.84685326
41.97167587 22.84681320
41.97109223 22.84671784
41.97060013 22.84633827
41.97015762 22.84618569
41.96975708 22.84619522
41.96944046 22.84648132
41.96922684 22.84671021
41.96872330 22.84700394
41.96815491 22.84679794
41.96757126 22.84659004
41.96695328 22.84644127
41.96655274 22.84622955
41.96597672 22.84624481
41.96531677 22.84632111
41.96450806 22.84640694
41.96414566 22.84641647
41.96366501 22.84664345
41.96325684 22.84709740
41.96307754 22.84765816
41.96295166 22.84821892
41.96273041 22.84882927
41.96242523 22.84945679
41.96212769 22.85002518
41.96163940 22.85026550
41.96091461 22.85011292
41.96055985 22.85012245
41.95975494 22.84980583
41.95903778 22.84987831
41.95836258 22.84968185
41.95761108 22.84924507
41.95689392 22.84881973
41.95628738 22.84852028
41.95569611 22.84836388
41.95507813 22.84865761
41.95444870 22.84895134
41.95377731 22.84907150
41.95315933 22.84909058
41.95272064 22.84893417
41.95213699 22.84901428
41.95134354 22.84892654
41.95071411 22.84894371
41.94987106 22.84880257
41.94885254 22.84866333
41.94778061 22.84863854
41.94707489 22.84854698
41.94596481 22.84818840
41.94529724 22.84804154
41.94463349 22.84756088
41.94419479 22.84729576
41.94352722 22.84714890
41.94268417 22.84706116
41.94192886 22.84680557
41.94117355 22.84654808
41.94037628 22.84673882
41.94001007 22.84713745
41.93947601 22.84753990
41.93864441 22.84767151
41.93778992 22.84769630
41.93708038 22.84771729
41.93641281 22.84784508
41.93565369 22.84781075
41.93512344 22.84799385
41.93472290 22.84818077
41.93453217 22.84839630
41.93432236 22.84884644
41.93409729 22.84918594
41.93355560 22.84920120
41.93312073 22.84849358
41.93259049 22.84806442
41.93210220 22.84774590
41.93157196 22.84748268
41.93130875 22.84743500
41.93099213 22.84766579
41.93076325 22.84800339
41.93045807 22.84845543
41.93009949 22.84935188
41.92987061 22.85001564
41.92964554 22.85074234
41.92919540 22.85091972
41.92831040 22.85083389
41.92768478 22.85062981
41.92706680 22.85047913
41.92643738 22.85029411
41.92591095 22.84980011
41.92539597 22.84920692
41.92498398 22.84882927
41.92440796 22.84834671
41.92379379 22.84792137
41.92335129 22.84743500
41.92268753 22.84700966
41.92215729 22.84719086
41.92179871 22.84780884
41.92134094 22.84848785
41.92084885 22.84905625
41.92068100 22.84917259
41.92022705 22.84973907
41.92000580 22.85007668
41.91986847 22.85034943
41.91967774 22.85062981
41.91924667 22.85097695
41.91848755 22.85132980
41.91781998 22.85151482
41.91723633 22.85180855
41.91647720 22.85210610
41.91589737 22.85228920
41.91536713 22.85241509
41.91447449 22.85249519
41.91362763 22.85257530
41.91277313 22.85265350
41.91207123 22.85284805
41.91157913 22.85335159
41.91122437 22.85386086
41.91072845 22.85442924
41.91014862 22.85476875
41.90957642 22.85528183
41.90903473 22.85563088
41.90833282 22.85614967
41.90778732 22.85666275
41.90742111 22.85722923
41.90723801 22.85806465
41.90710449 22.85905647
41.90695953 22.86000252
41.90691376 22.86116982
41.90677261 22.86222649
41.90655136 22.86311913
41.90606689 22.86397171
41.90513229 22.86426544
41.90432358 22.86445236
41.90365219 22.86469460
41.90321350 22.86493874
41.90304184 22.86549568
41.90296173 22.86606216
41.90247345 22.86629868
41.90167999 22.86671257
41.90083313 22.86695671
41.90029907 22.86702347
41.89998245 22.86703110
41.89948273 22.86676025
41.89907074 22.86648941
41.89839554 22.86616707
41.89786148 22.86629295
41.89724350 22.86636543
41.89678955 22.86654282
41.89648438 22.86694145
41.89617538 22.86739731
41.89583588 22.86779976
41.89538193 22.86809158
41.89488983 22.86827088
41.89435959 22.86839676
41.89373016 22.86874962
41.89310455 22.86909103
41.89268112 22.86972237
41.89237595 22.87018395
41.89189911 22.87076187
41.89147186 22.87128448
41.89085388 22.87163735
41.89027405 22.87187767
41.88958740 22.87166023
41.88903046 22.87133026
41.88848495 22.87111282
41.88794327 22.87084198
41.88712692 22.87046623
41.88646317 22.87003517
41.88588333 22.86988449
41.88520813 22.86957169
41.88463593 22.86986351
41.88410568 22.87010193
41.88356400 22.87028313
41.88290405 22.87030220
41.88219833 22.87009811
41.88174820 22.87010956
41.88134003 22.87056542
41.88089752 22.87102127
41.88053894 22.87169647
41.88009644 22.87226486
41.87982559 22.87305069
41.87937546 22.87356567
41.87890244 22.87407494
41.87849808 22.87419319
41.87799454 22.87382126
41.87759399 22.87310982
41.87697983 22.87245941
41.87626267 22.87203407
41.87578201 22.87187958
41.87511444 22.87194824
41.87440872 22.87185669
41.87387466 22.87203598
41.87324524 22.87232971
41.87287903 22.87278366
41.87243652 22.87307358
41.87194443 22.87325287
41.87141037 22.87331200
41.87105560 22.87332535
41.87046814 22.87341499
41.87006378 22.87360001
41.86975479 22.87388992
41.86912918 22.87429428
41.86854172 22.87438393
41.86780930 22.87421036
41.86717606 22.87420845
41.86649323 22.87419891
41.86613464 22.87422371
41.86549377 22.87431526
41.86539841 22.87432861
41.86481857 22.87469673
41.86444855 22.87493134
41.86395645 22.87507629
41.86349487 22.87526512
41.86308289 22.87568665
41.86300278 22.87613487
41.86291504 22.87668991
41.86286545 22.87729836
41.86282349 22.87796593
41.86277008 22.87875748
41.86252594 22.87929153
41.86247635 22.87969399
41.86236191 22.88031578
41.86267471 22.88066864
41.86330414 22.88123894
41.86386108 22.88166428
41.86422730 22.88229370
41.86446381 22.88299370
41.86461258 22.88393021
41.86461640 22.88458061
41.86452484 22.88515472
41.86412811 22.88592911
41.86404038 22.88656044
41.86397171 22.88712692
41.86389542 22.88775063
41.86380387 22.88806534
41.86373138 22.88841820
41.86354065 22.88850975
41.86346436 22.88864517
41.86332321 22.88870621
41.86309433 22.88896370
41.86259079 22.88922310
41.86219788 22.88953972
41.86134720 22.89086533
41.86131287 22.89100075
41.86107254 22.89174080
41.86072159 22.89218330
41.86035919 22.89240456
41.86017990 22.89251518
41.85967636 22.89278412
41.85908127 22.89306068
41.85848236 22.89333725
41.85780716 22.89385605
41.85718537 22.89442444
41.85671234 22.89522934
41.85623932 22.89597130
41.85571671 22.89653778
41.85518646 22.89704514
41.85485840 22.89783096
41.85433197 22.89833450
41.85378266 22.89858818
41.85305405 22.89877510
41.85234833 22.89900208
41.85182571 22.89904213
41.85119629 22.89942932
41.85089111 22.89985657
41.85071564 22.90062332
41.85053253 22.90120888
41.85049439 22.90133476
41.85006332 22.90181732
41.84963989 22.90203285
41.84925079 22.90183258
41.84913254 22.90176201
41.84874725 22.90152931
41.84818268 22.90128899
41.84766007 22.90122032
41.84713745 22.90132332
41.84668350 22.90159225
41.84627152 22.90185928
41.84582901 22.90223885
41.84543991 22.90261841
41.84522629 22.90293121
41.84477234 22.90319252
41.84430695 22.90346146
41.84389496 22.90383530
41.84381867 22.90390206
41.84365082 22.90453148
41.84312820 22.90503121
41.84243012 22.90533257
41.84160614 22.90534783
41.84086990 22.90531158
41.84049606 22.90534973
41.84038925 22.90536118
41.83986664 22.90552712
41.83949661 22.90568733
41.83897781 22.90590286
41.83878327 22.90596390
41.83714295 22.90680885
41.83703613 22.90690422
41.83676148 22.90747833
41.83656311 22.90821457
41.83596039 22.90850258
41.83544922 22.90877914
41.83507538 22.90931511
41.83499527 22.91007805
41.83479309 22.91075516
41.83483887 22.91184044
41.83449554 22.91220665
41.83393097 22.91205025
41.83319092 22.91169930
41.83247757 22.91151237
41.83192825 22.91131020
41.83123016 22.91123772
41.83044052 22.91128731
41.82994080 22.91135216
41.82935715 22.91148377
41.82915497 22.91172409
41.82895279 22.91207123
41.82862854 22.91254044
41.82814407 22.91297531
41.82771301 22.91314316
41.82717514 22.91353226
41.82684326 22.91368485
41.82640457 22.91379929
41.82600784 22.91411781
41.82541657 22.91451645
41.82474136 22.91503143
41.82426071 22.91546440
41.82384110 22.91593361
41.82350922 22.91609383
41.82308578 22.91625404
41.82245255 22.91619110
41.82194519 22.91621590
41.82134628 22.91630554
41.82087708 22.91658401
41.82054901 22.91699791
41.82011032 22.91737556
41.81956100 22.91771698
41.81909943 22.91819954
41.81855011 22.91859436
41.81784439 22.91896057
41.81737518 22.91923904
41.81625748 22.91962433
41.81553269 22.91984558
41.81482697 22.92001343
41.81428146 22.92010498
41.81353378 22.92008019
41.81282806 22.91999626
41.81218338 22.91990280
41.81108093 22.91967964
41.81037140 22.91949272
41.80951309 22.91943550
41.80876541 22.91935730
41.80808258 22.91937637
41.80735779 22.91940117
41.80658722 22.91954041
41.80597687 22.91970635
41.80510330 22.91981506
41.80452728 22.91987038
41.80397034 22.92003059
41.80306244 22.92009735
41.80217361 22.92037201
41.80143356 22.92067146
41.80070114 22.92107391
41.80034637 22.92152405
41.79985809 22.92215920
41.79946518 22.92298126
41.79918289 22.92371368
41.79857254 22.92450142
41.79782105 22.92507172
41.79699326 22.92535400
41.79564667 22.92571068
41.79501343 22.92609787
41.79410553 22.92643738
41.79336166 22.92681122
41.79247284 22.92731476
41.79177475 22.92756081
41.79130554 22.92770577
41.79067612 22.92803955
41.79011917 22.92826271
41.78964615 22.92863274
41.78927231 22.92909050
41.78876495 22.92995071
41.78854370 22.93051529
41.78816605 22.93111801
41.78778458 22.93186379
41.78738403 22.93250275
41.78719330 22.93321610
41.78679657 22.93378830
41.78634644 22.93423653
41.78568268 22.93442154
41.78493118 22.93467522
41.78421784 22.93486977
41.78359985 22.93498039
41.78312302 22.93515396
41.78246689 22.93546867
41.78176117 22.93589592
41.78111649 22.93630791
41.78052902 22.93670654
41.77999115 22.93708420
41.77919769 22.93758583
41.77849579 22.93802452
41.77801132 22.93858719
41.77754593 22.93900681
41.77696228 22.93964958
41.77641297 22.94037628
41.77585602 22.94085503
41.77528763 22.94148445
41.77477265 22.94207382
41.77442932 22.94276619
41.77406311 22.94327355
41.77392578 22.94370079
41.77384186 22.94411087
41.77383041 22.94467163
41.77420044 22.94502258
41.77454376 22.94530869
41.77478409 22.94551849
41.77437592 22.94579887
41.77381516 22.94602394
41.77309418 22.94622421
41.77230454 22.94646072
41.77135086 22.94673347
41.77038956 22.94704628
41.76956177 22.94734573
41.76855469 22.94764137
41.76775360 22.94796562
41.76697922 22.94834709
41.76625443 22.94872093
41.76533127 22.94907951
41.76464081 22.94943619
41.76351166 22.94990921
41.76255417 22.95025635
41.76163483 22.95055580
41.76050186 22.95065308
41.75957489 22.95045853
41.75910187 22.94982529
41.75873566 22.94891167
41.75818253 22.94855690
41.75757599 22.94891167
41.75703049 22.94917107
41.75661087 22.94959450
41.75597382 22.95005226
41.75562668 22.95023155
41.75531387 22.95055008
41.75501251 22.95116234
41.75482941 22.95188332
41.75470734 22.95232582
41.75447083 22.95290756
41.75420380 22.95353508
41.75386810 22.95420647
41.75354385 22.95492172
41.75326157 22.95544624
41.75313950 22.95588493
41.75366592 22.95652390
41.75431824 22.95660210
41.75540161 22.95670891
41.75607300 22.95689583
41.75639343 22.95738030
41.75642777 22.95795632
41.75641251 22.95855141
41.75630951 22.95914078
41.75625229 22.95960617
41.75646591 22.96030235
41.75667191 22.96081924
41.75651932 22.96136475
41.75671768 22.96195412
41.75711823 22.96257210
41.75741577 22.96280670
41.75781250 22.96312332
41.75841141 22.96340370
41.75910568 22.96375465
41.75983429 22.96390533
41.76048660 22.96438980
41.76093292 22.96487618
41.76122665 22.96536827
41.76136398 22.96569252
41.76124954 22.96583748
41.76087189 22.96599960
41.76045227 22.96621514
41.75994492 22.96648789
41.75933075 22.96674347
41.75884628 22.96709824
41.75834656 22.96750069
41.75794983 22.96788406
41.75770187 22.96822739
41.75748444 22.96861267
41.75739670 22.96892929
41.75759125 22.96966171
41.75793838 22.97024918
41.75838089 22.97069550
41.75863647 22.97109222
41.75928116 22.97138405
41.76000595 22.97175407
41.76060486 22.97217369
41.76104355 22.97250557
41.76140976 22.97285652
41.76175690 22.97343445
41.76199722 22.97414780
41.76180649 22.97517204
41.76146698 22.97583580
41.76119614 22.97676277
41.76132965 22.97740364
41.76147461 22.97808647
41.76159287 22.97910118
41.76181030 22.97982788
41.76194000 22.98063850
41.76194382 22.98151779
41.76146698 22.98172951
41.76115799 22.98176956
41.76094437 22.98179627
41.76042938 22.98196221
41.75990295 22.98219681
41.75939942 22.98254204
41.75876618 22.98312187
41.75807572 22.98335457
41.75716019 22.98364258
41.75631714 22.98374176
41.75559235 22.98381233
41.75495529 22.98422432
41.75448990 22.98462868
41.75421143 22.98502922
41.75396347 22.98554802
41.75340271 22.98573112
41.75288391 22.98582649
41.75242996 22.98622894
41.75201797 22.98691750
41.75165558 22.98761177
41.75130463 22.98847961
41.75087357 22.98888588
41.75023270 22.98894692
41.74975586 22.98899078
41.74913025 22.98875237
41.74869156 22.98869324
41.74825287 22.98857689
41.74795532 22.98880577
41.74771118 22.98897552
41.74726105 22.98880386
41.74702454 22.98857498
41.74652481 22.98834992
41.74599838 22.98829651
41.74549484 22.98813438
41.74501038 22.98808670
41.74452972 22.98820686
41.74401093 22.98849297
41.74374008 22.98888207
41.74354553 22.98927307
41.74344254 22.98971939
41.74330139 22.99017143
41.74301911 22.99044418
41.74255753 22.99084091
41.74238968 22.99140549
41.74235153 22.99233246
41.74247360 22.99323463
41.74229813 22.99402237
41.74148560 22.99452400
41.74091721 22.99490356
41.74047089 22.99500847
41.73989487 22.99505425
41.73924637 22.99526405
41.73856354 22.99559021
41.73778153 22.99579430
41.73697281 22.99605942
41.73623657 22.99619866
41.73545456 22.99642372
41.73460007 22.99651337
41.73398590 22.99662018
41.73350143 22.99683189
41.73314667 22.99716187
41.73270798 22.99759102
41.73224259 22.99825478
41.73189926 22.99897576
41.73146439 22.99930573
41.73073959 22.99956513
41.72993088 22.99976349
41.72911835 23.00001907
41.72851563 23.00022507
41.72786331 23.00032425
41.72737885 23.00053406
41.72686768 23.00091171
41.72647476 23.00129509
41.72600556 23.00178337
41.72557068 23.00233460
41.72530365 23.00288773
41.72502899 23.00328445
41.72478867 23.00338364
41.72397614 23.00328827
41.72328186 23.00303841
41.72277451 23.00311089
41.72262573 23.00312614
41.72217941 23.00323486
41.72135162 23.00331688
41.72066117 23.00363541
41.71991730 23.00409889
41.71920395 23.00477028
41.71872711 23.00514221
41.71840286 23.00549507
41.71820068 23.00573921
41.71784973 23.00561523
41.71733856 23.00536537
41.71686172 23.00482559
41.71617126 23.00427437
41.71561050 23.00389099
41.71504211 23.00329590
41.71460724 23.00317955
41.71389389 23.00320053
41.71328735 23.00316238
41.71272659 23.00316620
41.71222687 23.00328827
41.71183777 23.00350189
41.71120071 23.00382042
41.71080780 23.00388908
41.71006394 23.00379181
41.70976639 23.00388527
41.70928574 23.00403977
41.70867157 23.00411606
41.70789719 23.00448608
41.70721817 23.00502586
41.70657349 23.00562477
41.70589447 23.00605774
41.70510483 23.00613403
41.70494843 23.00601769
41.70438385 23.00563240
41.70421219 23.00531960
41.70375824 23.00448799
41.70315552 23.00370979
41.70271683 23.00273323
41.70254135 23.00188446
41.70232773 23.00125885
41.70204926 23.00103760
41.70093918 23.00065994
41.69992066 23.00034904
41.69919586 23.00008011
41.69851685 22.99963188
41.69806290 22.99930573
41.69783020 22.99896622
41.69770050 22.99822998
41.69781113 22.99724579
41.69791412 22.99617767
41.69794464 22.99533272
41.69776917 22.99483109
41.69736481 22.99450874
41.69680786 22.99400139
41.69610977 22.99334908
41.69532395 22.99273872
41.69477463 22.99246597
41.69397736 22.99208450
41.69326019 22.99175262
41.69241333 22.99147987
41.69166565 22.99120522
41.69101334 22.99076462
41.69041062 22.99004364
41.68978500 22.98965073
41.68908310 22.98904610
41.68850708 22.98832703
41.68767548 22.98759460
41.68717575 22.98726845
41.68648148 22.98665619
41.68621826 22.98648262
41.68566895 22.98604012
41.68478012 22.98571587
41.68397904 22.98538017
41.68333054 22.98499489
41.68273163 22.98427200
41.68209458 22.98371315
41.68137360 22.98337555
41.68069840 22.98249054
41.68027878 22.98204803
41.67985153 22.98170090
41.67964554 22.98153687
41.67898941 22.98137093
41.67856980 22.98160362
41.67811203 22.98170853
41.67730332 22.98143005
41.67659760 22.98098564
41.67613983 22.98070526
41.67604065 22.97986412
41.67591477 22.97886086
41.67585755 22.97814369
41.67546082 22.97736550
41.67493057 22.97675133
41.67413330 22.97630310
41.67352676 22.97575569
41.67307663 22.97492027
41.67276001 22.97463989
41.67208099 22.97419357
41.67157364 22.97324753
41.67125321 22.97297859
41.67063141 22.97257996
41.67013550 22.97224999
41.66982269 22.97109222
41.66897202 22.97052765
41.66830063 22.97013664
41.66782761 22.96963883
41.66743088 22.96886635
41.66689682 22.96809578
41.66678620 22.96798706
41.66638947 22.96759605
41.66576767 22.96730614
41.66501618 22.96696854
41.66480255 22.96696282
41.66442871 22.96695328
41.66362763 22.96666145
41.66265869 22.96620750
41.66236878 22.96601105
41.66158676 22.96552277
41.66074753 22.96512794
41.65984345 22.96451187
41.65939713 22.96422958
41.65895081 22.96351051
41.65777969 22.96364594
41.65684509 22.96374130
41.65641022 22.96240616
41.65612030 22.96148300
41.65537262 22.96119118
41.65443802 22.96117020
41.65377045 22.96137619
41.65301514 22.96098137
41.65273666 22.96064377
41.65187836 22.96002960
41.65133286 22.95952415
41.65092087 22.95913887
41.65068817 22.95770073
41.65044785 22.95627594
41.64950562 22.95548439
41.64850998 22.95529938
41.64769363 22.95534134
41.64683914 22.95581627
41.64634704 22.95654106
41.64625549 22.95669174
41.64558411 22.95739937
41.64511490 22.95811272
41.64417267 22.95816040
41.64299774 22.95792961
41.64273071 22.95792770
41.64221954 22.95792580
41.64130783 22.95781326
41.64078140 22.95774269
41.64029312 22.95752525
41.63993836 22.95662308
41.63963699 22.95589638
41.63951492 22.95533562
41.63958740 22.95521927
41.64005661 22.95450401
41.64064789 22.95423317
41.64096451 22.95374870
41.64101029 22.95319176
41.64073181 22.95224953
41.64045334 22.95135689
41.63994980 22.95013237
41.63956833 22.94956970
41.63920975 22.94918251
41.63916779 22.94856834
41.63938904 22.94813156
41.63973999 22.94764137
41.63964844 22.94680786
41.63933182 22.94592285
41.63919830 22.94459152
41.63931275 22.94381333
41.63998413 22.94301033
41.64005280 22.94230080
41.64001465 22.94108200
41.63978577 22.93977737
41.63938141 22.93826866
41.63885117 22.93688774
41.63859177 22.93621635
41.63844681 22.93583488
41.63817597 22.93511582
41.63805008 22.93461227
41.63857651 22.93449020
41.63909531 22.93424225
41.63912964 22.93376350
41.63837433 22.93318939
41.63758087 22.93298149
41.63669968 22.93281746
41.63593292 22.93256188
41.63536835 22.93221283
41.63499069 22.93121720
41.63475037 22.93028259
41.63434982 22.92950630
41.63401413 22.92896843
41.63351059 22.92844772
41.63347244 22.92781830
41.63346863 22.92708969
41.63328171 22.92644882
41.63273239 22.92598534
41.63198090 22.92596626
41.63090515 22.92562103
41.62991715 22.92551804
41.62895584 22.92546082
41.62827301 22.92545128
41.62744141 22.92555428
41.62678909 22.92543221
41.62565994 22.92459297
41.62488556 22.92370224
41.62401962 22.92303467
41.62331009 22.92267609
41.62261200 22.92259407
41.62176514 22.92317772
41.62102890 22.92429924
41.62033463 22.92522812
41.61955643 22.92627716
41.61839676 22.92722130
41.61753464 22.92744446
41.61678696 22.92785454
41.61595535 22.92790413
41.61500931 22.92752647
41.61387634 22.92691231
41.61317062 22.92666435
41.61215592 22.92731094
41.61114121 22.92783165
41.60998154 22.92865753
41.60923386 22.92864418
41.60810089 22.92807961
41.60725403 22.92770195
41.60622406 22.92727089
41.60543823 22.92750549
41.60442734 22.92779160
41.60340881 22.92753410
41.60217285 22.92650795
41.60131455 22.92566490
41.60082626 22.92530823
41.60000610 22.92553139
41.59896469 22.92562485
41.59799194 22.92521095
41.59696960 22.92483711
41.59606552 22.92517853
41.59496689 22.92563057
41.59406281 22.92609787
41.59293747 22.92524719
41.59150696 22.92451859
41.59048081 22.92403030
41.58959198 22.92366791
41.58890915 22.92400360
41.58795166 22.92399597
41.58642197 22.92379570
41.58543015 22.92412567
41.58401871 22.92458153
41.58266449 22.92479324
41.58135986 22.92484093
41.58121872 22.92485237
41.58019257 22.92493248
41.57894135 22.92539215
41.57774735 22.92597008
41.57671738 22.92642593
41.57614136 22.92707443
41.57614899 22.92771912
41.57615662 22.92851448
41.57623673 22.93008041
41.57643890 22.93161583
41.57635498 22.93320847
41.57583237 22.93459320
41.57454300 22.93529511
41.57375717 22.93528748
41.57292938 22.93527413
41.57217789 22.93682671
41.57151032 22.93794251
41.57102966 22.93787766
41.56985092 22.93920898
41.56908035 22.94007111
41.56846619 22.93989372
41.56778717 22.93955040
41.56704712 22.93896484
41.56644440 22.93914223
41.56579208 22.93966293
41.56499100 22.94018173
41.56434631 22.94035912
41.56351090 22.94018746
41.56289673 22.94000435
41.56232071 22.93995285
41.56158829 22.94000816
41.56085968 22.94023705
41.56025314 22.94040871
41.55969620 22.94052506
41.55899429 22.94098854
41.55801010 22.94133759
41.55693054 22.94214821
41.55606461 22.94301415
41.55550003 22.94381714
41.55505371 22.94450379
41.55492783 22.94543076
41.55505753 22.94624138
41.55502701 22.94664383
41.55446625 22.94664574
41.55368424 22.94670677
41.55302811 22.94665909
41.55254746 22.94653893
41.55191422 22.94694328
41.55149078 22.94712639
41.55103683 22.94683456
41.55040741 22.94631386
41.54967117 22.94562340
41.54891586 22.94522476
41.54815292 22.94481659
41.54764938 22.94441795
41.54702377 22.94412995
41.54654312 22.94401932
41.54609299 22.94366837
41.54585648 22.94338608
41.54580307 22.94332504
41.54557037 22.94297981
41.54453659 22.94314957
41.54347229 22.94355583
41.54229736 22.94361496
41.54108811 22.94367409
41.53998947 22.94349671
41.53948593 22.94332123
41.53873825 22.94372940
41.53774643 22.94397164
41.53731918 22.94408417
41.53619385 22.94408226
41.53522110 22.94396591
41.53483582 22.94396591
41.53437805 22.94367409
41.53402710 22.94294548
41.53387070 22.94239807
41.53399658 22.94136429
41.53409577 22.93976975
41.53403091 22.93873978
41.53400421 22.93833733
41.53359985 22.93708229
41.53319931 22.93555069
41.53300476 22.93434334
41.53266907 22.93344688
41.52899551 22.93350220
41.52832794 22.93336868
41.52759934 22.93235016
41.52642441 22.93213081
41.52546692 22.93186951
41.52470017 22.93160629
41.52415848 22.93198204
41.52400589 22.93208695
41.52330399 22.93275452
41.52259445 22.93261719
41.52161026 22.93297768
41.52140045 22.93309975
41.52069092 22.93351555
41.51959992 22.93402290
41.51781845 22.93500519
41.51612854 22.93575287
41.51513290 22.93637848
41.51475906 22.93674469
41.51416779 22.93732071
41.51343918 22.93841362
41.51251602 22.93923378
41.51203918 22.93980599
41.51183319 22.94050598
41.51174164 22.94128418
41.51139069 22.94173432
41.51091385 22.94229317
41.51017380 22.94280052
41.50954056 22.94355393
41.50879288 22.94443130
41.50814438 22.94505501
41.50734711 22.94486618
41.50678635 22.94491577
41.50627899 22.94524956
41.50556564 22.94503403
41.50477982 22.94450188
41.50342178 22.94401741
41.50191879 22.94392586
41.50091553 22.94390106
41.50023270 22.94407463
41.49935913 22.94350243
41.49921036 22.94340897
41.49790955 22.94311714
41.49631882 22.94314384
41.49514771 22.94311142
41.49449921 22.94276810
41.49355316 22.94094658
41.49280167 22.93989563
41.49187088 22.93844605
41.49176025 22.93821716
41.49130249 22.93724251
41.49110413 22.93680954
41.49018860 22.93497849
41.48989868 22.93418694
41.48927307 22.93405724
41.48860169 22.93331528
41.48794174 22.93267059
41.48719025 22.93208122
41.48655701 22.93181801
41.48597336 22.93161774
41.48535538 22.93097496
41.48465729 22.93028259
41.48402405 22.92982865
41.48357773 22.92981720
41.48308563 22.93042374
41.48264313 22.93115425
41.48231125 22.93202591
41.48222732 22.93227005
41.48026657 22.93270111
41.47985458 22.93245506
41.47965240 22.93234253
41.47892761 22.93200493
41.47829056 22.93230820
41.47751617 22.93260956
41.47667694 22.93297577
41.47552872 22.93332672
41.47464371 22.93376350
41.47357178 22.93406296
41.47256088 22.93396950
41.47171020 22.93343353
41.47093201 22.93353653
41.46994781 22.93371391
41.46910858 22.93362427
41.46823883 22.93341255
41.46736145 22.93332481
41.46672058 22.93350983
41.46624374 22.93459129
41.46594238 22.93595123
41.46591950 22.93605423
41.46559525 22.93752480
41.46503449 22.93852806
41.46469879 22.93947601
41.46445465 22.93985176
41.46373749 22.93956757
41.46310043 22.93930626
41.46237183 22.93883705
41.46137619 22.93855476
41.46047974 22.93840981
41.45887756 22.93811035
41.45839310 22.93803024
41.45822144 22.93788529
41.45745850 22.93724442
41.45616913 22.93651581
41.45579147 22.93618202
41.45531464 22.93617058
41.45488358 22.93641281
41.45397949 22.93676186
41.45279312 22.93756294
41.45173264 22.93784714
41.45096207 22.93826103
41.45024109 22.93880272
41.44942093 22.93965721
41.44850540 22.94095421
41.44742203 22.94241905
41.44654083 22.94375992
41.44553375 22.94543266
41.44456482 22.94698906
41.44416046 22.94789505
41.44344711 22.94863892
41.44229889 22.94942665
41.44131851 22.95005226
41.44034576 22.95078659
41.43941116 22.95129395
41.43874741 22.95209313
41.43799973 22.95255089
41.43708420 22.95250321
41.43598938 22.95227051
41.43509293 22.95202446
41.43426895 22.95137024
41.43326187 22.95053673
41.43255234 22.95015335
41.43189240 22.94938087
41.43138123 22.94821739
41.43090057 22.94729805
41.43082810 22.94716454
41.42998123 22.94664574
41.42916870 22.94609261
41.42826462 22.94544792
41.42718887 22.94487763
41.42607498 22.94423866
41.42491531 22.94314194
41.42369842 22.94231987
41.42278671 22.94148827
41.42180252 22.94099808
41.42058563 22.94024849
41.42056275 22.93908691
41.42058182 22.93782806
41.42071533 22.93652153
41.42077637 22.93571282
41.42058563 22.93478394
41.42021179 22.93412781
41.41947174 22.93346214
41.41891479 22.93268204
41.41853714 22.93219757
41.41783142 22.93140793
41.41692352 22.93035507
41.41569901 22.92938614
41.41445923 22.92840958
41.41346359 22.92779350
41.41186524 22.92658806
41.41060257 22.92567634
41.40993500 22.92551422
41.40938187 22.92533112
41.40891266 22.92518044
41.40868759 22.92502403
41.40792084 22.92507744
41.40750122 22.92509842
41.40711975 22.92511559
41.40655518 22.92516327
41.40547943 22.92529869
41.40438080 22.92548370
41.40283966 22.92584038
41.40193558 22.92601776
41.40111160 22.92675781
41.40066910 22.92769241
41.40021896 22.92899895
41.39974594 22.93074226
41.39931870 22.93220139
41.39869690 22.93324089
41.39801025 22.93342209
41.39708710 22.93310738
41.39640427 22.93323135
41.39568710 22.93395043
41.39495850 22.93427467
41.39412689 22.93489075
41.39330292 22.93588638
41.39206314 22.93656921
41.39105225 22.93766403
41.38990402 22.93850899
41.38885498 22.93942642
41.38799667 22.94027328
41.38731766 22.94068527
41.38674164 22.94120026
41.38597107 22.94139671
41.38508225 22.94093132
41.38449097 22.94067192
41.38373947 22.94011879
41.38308716 22.93980599
41.38250732 22.93960571
41.38167572 22.93936348
41.38070297 22.93951035
41.37939072 22.93925858
41.37830734 22.93925285
41.37729263 22.93898773
41.37651444 22.93903160
41.37524033 22.93918991
41.37402725 22.93936539
41.37299347 22.93994713
41.37184525 22.94080353
41.37087250 22.94140434
41.37008667 22.94176292
41.36863708 22.94219017
41.36736298 22.94246483
41.36636734 22.94298553
41.36554337 22.94274140
41.36478043 22.94293785
41.36409760 22.94328690
41.36325455 22.94410706
41.36267853 22.94467163
41.36209107 22.94512558
41.36143494 22.94550896
41.36078262 22.94534492
41.35997772 22.94546509
41.35934448 22.94567680
41.35867310 22.94574738
41.35784912 22.94592667
41.35710907 22.94615746
41.35643387 22.94630432
41.35561752 22.94640732
41.35475540 22.94647789
41.35423279 22.94670487
41.35353088 22.94685745
41.35285950 22.94682312
41.35229874 22.94676781
41.35150528 22.94661331
41.35122681 22.94591713
41.35101700 22.94524956
41.35089874 22.94418144
41.35067749 22.94325447
41.35058594 22.94179344
41.35053635 22.94071388
41.35055160 22.93951225
41.35057068 22.93836594
41.35047531 22.93652535
41.35046387 22.93564987
41.35045242 22.93500137
41.35048676 22.93448067
41.35070419 22.93398476
41.35068131 22.93360901
41.35050965 22.93322182
41.35037613 22.93317413
41.35001373 22.93304634
41.34959793 22.93264771
41.34905624 22.93204117
41.34807587 22.93313980
41.34524536 22.93305588
41.34315872 22.93370056
41.34130859 22.92436981
41.34192658 22.91838837
41.34220505 22.91569710
41.34251404 22.91269112
41.34318161 22.89563751
41.34272766 22.87989426
41.34294510 22.87564087
41.34341812 22.86650467
41.34070969 22.85446739
41.33856583 22.84071350
41.33855057 22.83949089
41.34091568 22.82382774
41.34371185 22.80975342
41.34034348 22.79773522
41.33879471 22.79569435
41.33374786 22.78903198
41.33231735 22.77632713
41.33044815 22.76838684
41.32176972 22.76361847
41.32069397 22.76302719
41.32025910 22.76278877
41.32004929 22.76267433
41.31833267 22.76173020
41.30642700 22.75939179
41.29482269 22.76002121
41.29357529 22.76008987
41.28459930 22.76072884
41.28456497 22.76073074
41.28433990 22.76070786
41.28411484 22.76069832
41.28388214 22.76069832
41.28365707 22.76071930
41.28343964 22.76076889
41.28336716 22.76081658
41.28163529 22.76094055
41.28073120 22.76100540
41.26411057 22.75984192
41.24798203 22.75780868
41.23936462 22.75707436
41.24063110 22.75551414
41.19335556 22.75090408
41.18258667 22.74947166
41.18154526 22.74869156
41.16836548 22.73880768
41.16391754 22.73756409
41.16040039 22.73658180
41.14655686 22.71718216
41.14725113 22.71130562
41.15253067 22.70259666
41.15264511 22.70240974
41.15765000 22.69430542
41.16618347 22.68573570
41.17602921 22.67862892
41.17902756 22.67470360
41.18329239 22.66912270
41.18405533 22.66812325
41.18424606 22.66707802
41.18458939 22.66519165
41.18487930 22.66359138
41.18276978 22.65519142
41.18197632 22.65393829
41.17849350 22.64842796
41.17764664 22.64708900
41.17664719 22.64550781
41.16745758 22.64064598
41.16731644 22.64040756
41.16717148 22.64017487
41.16702270 22.63994598
41.16687775 22.63972092
41.16672897 22.63950157
41.16656494 22.63930321
41.16637421 22.63915062
41.16617584 22.63900757
41.16596604 22.63886070
41.16574860 22.63886261
41.16553497 22.63897514
41.16534805 22.63912964
41.16514969 22.63928795
41.16505051 22.63937187
41.15887070 22.63610077
41.15380097 22.63341522
41.14707565 22.62730789
41.14583969 22.62618256
41.13257218 22.61413956
41.11970902 22.59273720
41.12112427 22.58737946
41.12081146 22.58680725
41.12214661 22.58349991
41.12649918 22.57270432
41.13329697 22.55620575
41.13330460 22.54373741
41.13254929 22.53493691
41.13044357 22.52274513
41.12817383 22.51033783
41.12556458 22.50311089
41.12166214 22.48255539
41.11996078 22.47037697
41.12117767 22.43310547
41.12442780 22.41934586
41.13912964 22.40488625
41.13977814 22.39320183
41.14076614 22.39198685
41.14022827 22.38513184
41.13977051 22.37932968
41.13953018 22.36976242
41.13940430 22.36472321
41.13756180 22.34951019
41.13529968 22.33827591
41.13718796 22.32959747
41.14287567 22.32371140
41.14616394 22.32031059
41.14620590 22.32034111
41.14639664 22.32047653
41.14679718 22.32075310
41.14699555 22.32089233
41.14719772 22.32103348
41.14739609 22.32118034
41.14758682 22.32133865
41.14778137 22.32150078
41.14797211 22.32165527
41.14816284 22.32179451
41.14838791 22.32191658
41.14867783 22.32201767
41.14886856 22.32201958
41.14884949 22.32187080
41.14871979 22.32164002
41.14855194 22.32136536
41.14838791 22.32108498
41.14827347 22.32082176
41.14818192 22.32055283
41.14808655 22.32028007
41.14800263 22.32000160
41.14792633 22.31972504
41.14775467 22.31917191
41.14767075 22.31889343
41.14764023 22.31878471
41.15010834 22.31623077
41.14750290 22.30465126
41.15439606 22.29090309
41.16196060 22.27582359
41.16363525 22.27435303
41.16755676 22.26476860
41.16738510 22.25812340
41.16732407 22.25568581
41.16716004 22.24929619
41.16725540 22.23423386
41.16764069 22.23183632
41.16809845 22.22897911
41.16595459 22.21496391
41.16603089 22.21489716
41.16622543 22.21475410
41.16643143 22.21461868
41.16663361 22.21448135
41.16682053 22.21432877
41.16700745 22.21414757
41.16716766 22.21393394
41.16729736 22.21369171
41.16737366 22.21341705
41.16740799 22.21310806
41.16738510 22.21282005
41.16720200 22.21263122
41.16701889 22.21246147
41.16683579 22.21228409
41.16668701 22.21206093
41.16653824 22.21183586
41.16639328 22.21161080
41.16625214 22.21137047
41.16613388 22.21112251
41.16600418 22.21087647
41.16587448 22.21063614
41.16574478 22.21039581
41.16560364 22.21015549
41.16547394 22.20991325
41.16535187 22.20966339
41.16524124 22.20940399
41.16513825 22.20913887
41.16502380 22.20887375
41.16501618 22.20882606
41.16056824 22.17977142
41.15548706 22.17355728
41.15029526 22.16720390
41.13822556 22.15243912
41.13277054 22.14576721
41.12845612 22.13847160
41.12985993 22.12466431
41.13162232 22.11364746
41.13673020 22.10746574
41.13765335 22.10275841
41.14984894 22.07774735
41.15830994 22.07492256
41.16103363 22.06300735
41.15816498 22.06069565
41.16024780 22.05642510
41.14811707 22.04856491
41.14523316 22.04669571
41.14519501 22.04620743
41.14517212 22.04591179
41.14514923 22.04560661
41.14509964 22.04531097
41.14494324 22.04515076
41.14471817 22.04513550
41.14449310 22.04516220
41.14426804 22.04519463
41.14404297 22.04520989
41.14381790 22.04518318
41.14360046 22.04513741
41.14337540 22.04508209
41.14314652 22.04503250
41.14292908 22.04497719
41.14271164 22.04488564
41.14252090 22.04473877
41.14233780 22.04455376
41.14218903 22.04433441
41.14205170 22.04409790
41.14192963 22.04384613
41.14180756 22.04358673
41.14171219 22.04332161
41.14162827 22.04304695
41.14157104 22.04275894
41.14151764 22.04246521
41.14146805 22.04217148
41.14144516 22.04186249
41.14133453 22.04163742
41.14113236 22.04148483
41.14093399 22.04133225
41.14075851 22.04114151
41.14057541 22.04096603
41.14036560 22.04087639
41.14014053 22.04083824
41.13991547 22.04082108
41.13969040 22.04080963
41.13946533 22.04077148
41.13924790 22.04070282
41.13901901 22.04067040
41.13879395 22.04067612
41.13867188 22.04066467
41.13620377 22.03579903
41.13617325 22.03573990
41.13389587 22.03125191
41.13385010 22.03061485
41.13286972 22.01635552
41.13191605 22.00255775
41.12934113 21.99644089
41.12868881 21.99120712
41.12754440 21.97319222
41.12473297 21.96189499
41.11722946 21.95206070
41.11086273 21.94218254
41.10330200 21.92913628
41.10258102 21.92762184
41.09313202 21.90779495
41.08247757 21.90345764
41.07186508 21.90169525
41.06655121 21.90232277
41.06636810 21.90234375
41.06628799 21.90235329
41.06061173 21.90302467
41.05871201 21.90324783
41.04254150 21.89117432
41.04148102 21.87833595
41.03229904 21.87480354
41.02538681 21.87077332
41.02167511 21.86382485
41.01966476 21.85252953
41.01155853 21.84575272
40.99971771 21.83932877
40.99096298 21.83275032
40.99063873 21.83250618
40.99047470 21.83238220
40.99021912 21.83181572
40.98754120 21.82741737
40.98746872 21.82729721
40.98738098 21.82715225
40.98733139 21.82685661
40.98727036 21.82656670
40.98723984 21.82627487
40.98721314 21.82597923
40.98718262 21.82567978
40.98711395 21.82539940
40.98699951 21.82514191
40.98686981 21.82489777
40.98671341 21.82468414
40.98653030 21.82451439
40.98633576 21.82436180
40.98614502 21.82420349
40.98595429 21.82403755
40.98577118 21.82386780
40.98557663 21.82370186
40.98550797 21.82343292
40.98549652 21.82282829
40.98550034 21.82253075
40.98549652 21.82231331
40.98548889 21.82193566
40.98547363 21.82164002
40.98546219 21.82104492
40.98542023 21.82015610
40.98539734 21.81986046
40.98534775 21.81957054
40.98530579 21.81927681
40.98526383 21.81898499
40.98521042 21.81869507
40.98515320 21.81840897
40.98505783 21.81814003
40.98492813 21.81789589
40.98478699 21.81766701
40.98464966 21.81743240
40.98450089 21.81720924
40.98432541 21.81701279
40.98414993 21.81683540
40.98396683 21.81665039
40.98379135 21.81645966
40.98366165 21.81622315
40.98357391 21.81595230
40.98349762 21.81566620
40.98343658 21.81537819
40.98343277 21.81508064
40.98341751 21.81478310
40.98338318 21.81448555
40.98333359 21.81419754
40.98324967 21.81392670
40.98312759 21.81367874
40.98298645 21.81344223
40.98283768 21.81321335
40.98268890 21.81299210
40.98253250 21.81278420
40.98235703 21.81258583
40.98219299 21.81239510
40.98201752 21.81220436
40.98184204 21.81201744
40.98165894 21.81184196
40.98146820 21.81167793
40.98128510 21.81151962
40.98108292 21.81137276
40.98087311 21.81125832
40.98066330 21.81115723
40.98046494 21.81102943
40.98026276 21.81089783
40.98006439 21.81076050
40.97986221 21.81062126
40.97966003 21.81047630
40.97947693 21.81031609
40.97929382 21.81013298
40.97913742 21.80992317
40.97896958 21.80971909
40.97879791 21.80953598
40.97863770 21.80932045
40.97850037 21.80908966
40.97835922 21.80885315
40.97822952 21.80861282
40.97810745 21.80836105
40.97800446 21.80809975
40.97790909 21.80783081
40.97782135 21.80755425
40.97777176 21.80726624
40.97772980 21.80697441
40.97770691 21.80667877
40.97768402 21.80638123
40.97764969 21.80608749
40.97758103 21.80580521
40.97746658 21.80554581
40.97730255 21.80534172
40.97711945 21.80516624
40.97692871 21.80501366
40.97671890 21.80489159
40.97650909 21.80479050
40.97629166 21.80469513
40.97607422 21.80461693
40.97589111 21.80445290
40.97572327 21.80425835
40.97555924 21.80405045
40.97539902 21.80383110
40.97526169 21.80360031
40.97517395 21.80332375
40.97502518 21.80310822
40.97486115 21.80290413
40.97470093 21.80268669
40.97455597 21.80246544
40.97440720 21.80224609
40.97425079 21.80203056
40.97409058 21.80181503
40.97393417 21.80160332
40.97377777 21.80139351
40.97360992 21.80119324
40.97344589 21.80098915
40.97329712 21.80076981
40.97314835 21.80054474
40.97299957 21.80031586
40.97286224 21.80008698
40.97269440 21.79987907
40.97253037 21.79968643
40.97235489 21.79949570
40.97217941 21.79929161
40.97200394 21.79910278
40.97181320 21.79897881
40.97158813 21.79893303
40.97136307 21.79892540
40.97113800 21.79895020
40.97091293 21.79900360
40.97068787 21.79902840
40.97046280 21.79904175
40.97023773 21.79904747
40.97001267 21.79904366
40.96978760 21.79901314
40.96956253 21.79899407
40.96933746 21.79902077
40.96912003 21.79910278
40.96890640 21.79920197
40.96869278 21.79928398
40.96846771 21.79932403
40.96824265 21.79935646
40.96802902 21.79942703
40.96780396 21.79949379
40.96757889 21.79951668
40.96735382 21.79953003
40.96713257 21.79954720
40.96690750 21.79957771
40.96668243 21.79961205
40.96646500 21.79964447
40.96623993 21.79968071
40.96601868 21.79971123
40.96579361 21.79972267
40.96556854 21.79971886
40.96534348 21.79971886
40.96511841 21.79973030
40.96489334 21.79973411
40.96466827 21.79974175
40.96444321 21.79974556
40.96421433 21.79974175
40.96398926 21.79971695
40.96376419 21.79965591
40.96354675 21.79958153
40.96333695 21.79949760
40.96311951 21.79942131
40.96289444 21.79935837
40.96267700 21.79930687
40.96245194 21.79927445
40.96222687 21.79926682
40.96200180 21.79929543
40.96178818 21.79938698
40.96157074 21.79947472
40.96134949 21.79954147
40.96113205 21.79950523
40.96091461 21.79941940
40.96069336 21.79932403
40.96047592 21.79923821
40.96026993 21.79915238
40.96005249 21.79907990
40.95982361 21.79901505
40.95960617 21.79896164
40.95938110 21.79893875
40.95915604 21.79893875
40.95893097 21.79894638
40.95870590 21.79896545
40.95848084 21.79899788
40.95825577 21.79902458
40.95803452 21.79903984
40.95780945 21.79905129
40.95758438 21.79905129
40.95735931 21.79906654
40.95713425 21.79912186
40.95691681 21.79917717
40.95669174 21.79919434
40.95646668 21.79919052
40.95624161 21.79918671
40.95601654 21.79919052
40.95579147 21.79920960
40.95556641 21.79923058
40.95533371 21.79922104
40.95513916 21.79934120
40.95497131 21.79954720
40.95484924 21.79972267
40.94327164 21.79684830
40.94232178 21.79575729
40.93705368 21.78970337
40.93324280 21.78533173
40.93317032 21.78463173
40.93020248 21.75564575
40.93255615 21.73379517
40.94121170 21.71327972
40.94017792 21.70598221
40.93981552 21.70342255
40.93741608 21.69872856
40.92346191 21.67145157
40.90541840 21.66945458
40.90420151 21.66931915
40.90303802 21.66103554
40.89748383 21.66159821
40.89673996 21.65910530
40.89675903 21.65894890
40.89680099 21.65865707
40.89684677 21.65836716
40.89689636 21.65807724
40.89694595 21.65778732
40.89698410 21.65749550
40.89702988 21.65720558
40.89708710 21.65691948
40.89715576 21.65663338
40.89722061 21.65634918
40.89735413 21.65578461
40.89743042 21.65550423
40.89751434 21.65522575
40.89759064 21.65494728
40.89765549 21.65466499
40.89771271 21.65437889
40.89776993 21.65409088
40.89782715 21.65380287
40.89788437 21.65351868
40.89794922 21.65323257
40.89801788 21.65294838
40.89808273 21.65266419
40.89821625 21.65209961
40.89829254 21.65181732
40.89834976 21.65153313
40.89840698 21.65124321
40.89844513 21.65095139
40.89848328 21.65066147
40.89852142 21.65036774
40.89860153 21.64978218
40.89863205 21.64949036
40.89866257 21.64919472
40.89868927 21.64890099
40.89870453 21.64860535
40.89872360 21.64830780
40.89873505 21.64801216
40.89874649 21.64771652
40.89875031 21.64741898
40.89874649 21.64712143
40.89871216 21.64682960
40.89864349 21.64654732
40.89860153 21.64625740
40.89858627 21.64595985
40.89855194 21.64566612
40.89850235 21.64537430
40.89842224 21.64509964
40.89831925 21.64483643
40.89820480 21.64457512
40.89810181 21.64431763
40.89798737 21.64405823
40.89791107 21.64377975
40.89780807 21.64352036
40.89764786 21.64331055
40.89747238 21.64311028
40.89732361 21.64289475
40.89717484 21.64266777
40.89703751 21.64244080
40.89686966 21.64223671
40.89670563 21.64203453
40.89656448 21.64180374
40.89640808 21.64159775
40.89621353 21.64142609
40.89606094 21.64126968
40.89607239 21.64110565
40.89524460 21.63370323
40.88557053 21.61777878
40.88488770 21.61665535
40.87791443 21.60517502
40.87491989 21.60024643
40.87162018 21.59481239
40.87150192 21.59383011
40.86986160 21.58017159
40.87467575 21.57045937
40.91140747 21.53451538
40.91157913 21.51085854
40.91190338 21.46643257
40.92186737 21.43630028
40.91501618 21.42257309
40.91376114 21.42005539
40.90156174 21.39560509
40.90154266 21.39556503
40.88934708 21.37112618
40.87661743 21.34561730
40.86382294 21.29508400
40.86374664 21.26079750
40.87032700 21.24893951
40.88520813 21.22213554
40.88077927 21.20975113
40.87870789 21.20395088
40.87585068 21.19595337
40.87423706 21.19143867
40.86606598 21.16858292
40.86438751 21.16389084
40.86275864 21.15282822
40.85807419 21.12102318
40.85528946 20.99966812
40.85806274 20.99133873
40.87474442 20.98995209
40.88858795 20.98678360
40.89536413 20.98591487
40.90214729 20.97926331
40.90535736 20.97276688
40.90770722 20.96727371