X Y Z
863.66 439.21 324.64
875.73 706.94 312.86
127.41 561.07 323.61
315.06 790.06 333.71
946.59 298.80 304.53
886.45 297.20 310.98
194.26 734.73 321.57
949.27 548.18 309.09
297.74 668.35 377.80
440.27 914.08 314.01
123.85 656.79 316.69
385.82 453.34 495.35
91.13 533.04 314.24
557.30 549.56 526.77
923.85 434.41 312.33
138.64 802.24 306.19
794.03 527.14 357.54
551.42 432.93 521.62
949.21 288.23 302.87
877.49 655.14 314.33
605.06 479.67 506.92
925.68 781.28 303.49
648.01 518.63 472.48
551.36 781.64 362.29
727.00 360.72 377.28
81.41 76.15 301.65
106.19 727.79 308.21
494.79 902.88 316.02
149.28 436.23 328.87
273.30 185.89 319.37
563.00 70.30 310.13
829.96 497.73 340.13
65.54 741.04 303.71
828.17 939.40 301.74
615.48 345.49 434.79
145.53 843.01 303.30
281.04 433.81 403.75
555.02 380.64 488.32
282.51 102.99 308.50
887.18 101.87 301.17
734.45 851.25 313.06
312.86 184.14 327.84
429.39 776.95 365.33
309.14 204.67 332.12
289.87 432.27 409.82
743.52 691.35 350.59
864.08 805.69 306.89
343.60 363.41 423.33
163.97 364.22 328.88
757.54 227.56 323.47
581.62 105.95 317.44
211.12 948.66 301.92
138.33 336.88 317.14
69.76 60.08 301.55
179.54 245.69 314.76
66.50 857.16 300.85
898.13 166.95 303.06
245.48 506.98 384.96
59.31 421.52 307.96
295.16 177.90 323.13
739.88 129.17 308.61
318.12 179.59 327.05
487.56 784.69 365.80
230.52 828.52 312.11
841.32 130.61 304.55
298.36 287.82 360.47
574.55 231.89 369.80
580.46 368.77 467.28
357.47 653.27 420.38
767.92 633.73 355.13
880.57 311.59 313.60
660.71 758.73 353.51
493.98 383.89 498.75
165.35 643.52 328.41
135.45 167.39 304.30
685.23 303.31 373.30
271.24 573.01 395.21
421.44 587.97 499.39
333.30 539.01 452.25
129.66 507.00 326.81
188.82 659.48 331.36
934.36 493.60 312.15
857.75 486.84 329.01
389.56 657.35 435.32
379.95 94.14 313.42
825.45 946.39 300.24
501.00 541.01 542.36
377.52 554.32 484.15
545.78 620.00 490.09
664.30 650.53 408.57
477.31 448.72 535.78
854.28 237.96 310.44
913.88 820.30 302.32
901.31 645.51 311.67
354.79 287.89 384.15
211.12 579.27 354.83
506.81 151.65 333.72
503.96 313.03 441.04
700.57 760.31 341.29
628.69 326.22 415.84
458.30 336.67 455.03
117.89 584.73 320.95
436.96 894.42 317.85
918.24 184.94 303.78
580.08 521.75 523.42
157.57 725.59 316.24
738.03 826.54 317.04
785.19 475.92 364.18
392.28 802.91 344.57
572.73 438.10 514.34
617.17 922.08 310.69
168.21 865.43 303.51
156.32 661.95 323.72
483.63 115.79 322.07
294.43 176.75 320.62
690.07 691.75 374.77
948.18 173.18 300.49
161.61 882.24 302.74
347.10 422.60 452.78
151.42 255.34 312.99
293.09 879.45 309.81
377.25 535.83 490.50
493.20 832.08 338.58
368.17 743.90 368.50
853.57 676.11 318.74
430.56 685.38 429.74
144.46 788.13 308.21
142.98 642.81 321.41
539.32 887.35 320.91
688.10 586.54 422.96
555.56 851.99 330.40
247.16 341.86 356.81
917.39 368.21 308.96
101.70 787.47 303.28
658.83 184.53 331.87
770.04 896.31 304.18
118.48 543.33 321.87
128.56 757.88 307.60
172.20 902.53 302.58
216.59 767.33 321.06
671.12 454.28 448.71
312.08 608.86 414.37
520.37 718.48 412.66
173.66 267.32 316.66
185.25 254.59 316.52
389.69 933.25 309.92
593.27 692.65 417.77
709.43 653.62 381.51
756.11 493.70 383.01
658.87 683.55 392.16
853.90 95.33 303.46
565.14 113.01 320.25
695.37 203.19 331.19
78.07 587.40 309.84
726.93 586.20 393.33
845.28 414.59 331.74
424.37 199.64 351.67
869.99 754.23 308.06
789.52 579.98 356.17
446.45 86.15 313.88
694.63 715.49 360.72
328.43 460.33 448.84
388.50 431.06 486.30
588.81 192.85 345.22
132.68 534.60 324.63
558.21 940.25 308.99
278.71 888.09 309.57
733.12 50.85 304.68
626.44 302.81 399.46
804.15 268.44 321.94
72.02 653.36 307.37
415.62 945.32 308.79
330.19 858.03 318.54
897.41 326.42 310.17
856.75 272.45 313.31
203.74 662.51 337.02
106.81 822.10 303.48
716.85 505.52 414.65
224.75 759.60 322.13
53.82 356.75 307.59
70.05 123.98 302.06
614.66 583.24 477.88
911.91 834.67 302.22
474.69 265.03 400.04
699.15 91.80 306.77
268.01 885.87 308.14
853.20 823.71 303.96
90.52 669.20 310.08
132.21 433.64 324.91
180.64 89.99 302.94
645.01 690.84 397.04
133.57 669.80 316.46
589.04 713.41 402.06
107.43 847.51 301.49
788.12 590.16 355.67
63.10 579.80 310.13
73.22 144.51 300.09
723.60 99.82 308.72
858.23 624.30 321.44
784.36 693.73 335.01
192.70 362.23 337.35
297.33 422.37 414.20
75.76 451.95 310.75
813.68 881.46 305.05
493.44 378.47 496.52
905.92 724.21 306.05
490.57 260.02 396.51
711.77 416.12 405.90
231.06 247.45 326.83
420.47 601.09 489.76
123.57 358.24 316.05
576.83 403.20 492.48
232.08 702.91 338.46
90.32 557.70 313.05
584.46 57.13 308.23
365.58 203.90 343.75
738.66 785.44 324.57
417.11 131.39 324.57
540.66 609.38 500.46
595.96 225.28 360.52
586.05 456.87 515.57
521.61 445.11 535.18
808.84 349.43 333.75
72.52 636.42 308.95
829.01 295.52 321.02
462.22 131.22 326.37
223.52 76.64 303.62
145.57 807.13 306.25
662.61 415.74 443.55
900.80 690.77 308.28
884.72 636.91 316.46
342.94 665.38 405.27
686.47 188.58 327.55
441.37 648.99 464.33
457.79 334.36 453.33
504.61 538.86 542.67
902.18 180.67 303.74
809.11 899.90 304.32
442.15 494.45 537.30
504.91 435.58 533.73
251.57 106.82 305.49
850.23 859.21 303.06
318.18 836.29 321.92
232.52 900.14 304.64
414.66 944.88 308.65
622.46 690.63 405.09
543.39 631.01 483.48
810.79 282.48 323.41
490.28 419.12 525.10
561.74 941.48 308.46
188.35 563.53 347.53
747.37 764.01 327.55
574.55 267.65 393.74
835.15 105.03 301.82
354.55 67.20 308.09
267.43 905.32 306.78
243.51 891.52 306.12
482.51 119.77 320.94
398.26 809.66 342.02
625.37 584.60 470.87
680.13 201.64 331.85
697.49 610.20 407.94
151.14 935.45 300.24
183.57 236.68 316.26
818.72 479.49 344.57
704.27 675.86 374.62
164.15 715.73 316.70
501.10 336.75 461.64
414.40 146.66 326.16
615.68 847.91 326.47
878.37 297.81 312.85
870.99 617.56 319.67
716.39 777.65 332.60
535.34 552.45 532.82
66.87 322.10 307.79
838.27 282.42 316.50
712.29 227.82 333.49
781.09 584.06 360.02
912.63 868.29 300.90
224.33 656.36 348.00
367.41 546.44 480.43
590.37 608.97 478.57
299.11 532.82 426.66
795.25 72.83 303.14
152.94 128.21 303.32
300.40 911.44 306.88
434.39 389.11 490.26
791.16 875.46 305.49
823.93 558.59 342.35
137.22 386.03 321.32
419.75 387.53 482.97
334.45 692.11 385.63
873.67 243.48 307.22
780.00 193.16 313.88
320.98 808.68 330.01
852.71 489.03 331.40
416.44 63.57 308.60
716.32 546.51 410.22
883.39 386.52 318.46
918.33 904.57 299.77
858.49 121.11 301.75
905.67 257.21 306.11
582.09 745.15 382.14
916.16 185.19 302.58
821.78 724.63 317.87
890.21 120.87 302.80
392.73 289.17 397.60
799.69 850.60 305.89
365.78 672.33 413.70
865.58 368.48 320.06
541.78 777.86 367.86
349.36 411.28 449.95
638.99 132.79 319.71
384.54 641.47 443.64
78.16 667.67 307.40
168.40 462.27 338.35
724.82 740.23 341.89
193.28 820.97 309.79
396.49 327.45 428.34
387.30 832.09 330.69
689.42 464.21 434.78
116.18 776.76 305.07
837.75 516.24 336.40
920.40 906.05 300.69
758.58 212.19 319.68
264.48 515.15 400.19
375.52 334.50 421.87
88.72 318.83 307.55
108.90 408.03 316.26
759.28 507.14 380.24
441.91 249.59 382.87
504.95 215.43 363.35
577.23 531.82 521.07
113.77 835.42 302.64
319.34 418.73 429.26
675.28 673.93 390.72
633.21 335.20 419.57
572.19 129.34 322.74
742.03 55.25 302.87
166.31 755.44 312.32
205.73 713.67 328.33
85.13 749.28 304.93
512.66 364.42 484.19
697.72 918.95 307.42
723.15 649.82 373.66
462.15 557.58 532.25
467.06 157.40 335.68
271.13 747.21 337.07
652.10 575.03 453.84
76.23 825.83 300.98
296.57 592.80 409.04
465.35 296.10 423.77
628.36 830.39 329.53
306.68 149.66 316.46
304.75 764.85 342.15
173.39 657.62 328.76
487.00 213.73 363.71
738.10 766.17 329.28
841.10 249.79 311.98
247.08 736.69 333.42
283.95 773.86 332.64
590.37 647.54 452.15
680.61 235.99 346.05
859.91 867.62 303.50
85.64 815.92 303.78
465.36 185.01 347.56
945.16 743.30 302.47
817.17 501.03 347.77
226.19 362.22 352.25
732.40 823.13 316.52
137.91 455.97 326.18
626.20 922.33 310.20
478.93 257.94 394.68
640.56 536.54 477.02
668.51 389.27 426.88
920.06 549.07 314.15
931.64 88.26 299.33
494.00 936.59 309.74
460.61 456.51 535.06
322.31 359.69 407.04
252.37 748.01 332.29
284.74 434.85 407.65
212.81 805.29 314.46
335.65 624.14 422.12
551.23 252.13 387.38
410.43 285.91 400.44
244.53 941.00 301.87
842.97 366.17 326.14
658.09 271.36 369.37
382.66 126.52 319.55
169.59 252.66 314.44
869.17 944.23 301.53
185.26 136.19 306.39
326.70 543.90 447.94
757.29 460.69 381.62
621.10 295.70 399.07
783.50 667.52 341.42
168.81 250.32 313.33
825.94 908.83 303.25
567.69 449.22 521.90
801.22 266.02 322.16
116.30 489.75 322.11
355.95 948.71 306.12
510.19 821.44 343.38
508.24 945.06 309.07
728.62 530.66 403.35
78.49 123.48 301.00
588.22 463.05 514.22
141.04 421.62 325.88
174.10 709.41 320.44
316.22 394.10 418.50
742.61 607.40 376.99
676.50 454.54 444.86
292.66 143.16 314.01
836.46 842.08 304.02
673.30 488.63 450.17
230.37 360.99 353.36
248.47 516.87 386.51
200.42 83.63 304.40
362.93 769.65 354.56
471.36 855.45 329.59
729.50 289.23 349.93
635.19 191.22 337.05
491.97 753.96 386.21
782.06 374.98 351.96
393.92 201.25 345.37
761.54 756.31 327.79
53.84 680.82 306.01
887.22 489.76 321.87
676.06 507.81 450.11
177.19 784.11 311.69
797.29 840.39 307.96
88.66 458.45 315.06
608.10 756.03 368.20
857.88 216.76 306.68
762.46 258.41 329.45
622.81 850.73 326.42
57.28 817.42 302.90
751.20 490.20 387.06
91.52 714.37 306.35
747.19 159.43 313.23
306.81 785.40 334.53
327.47 724.79 364.97
700.38 488.72 427.80
459.26 674.99 444.48
814.60 707.94 323.14
69.34 603.86 308.92
283.10 561.94 408.45
335.14 519.19 457.71
778.15 375.41 351.81
